230
723
241
249
847
148
920
583
409
36
729
109
148
839
988
241
363
250
225
212
932
814
227
712
60
27
397
331
306
240
317
270
6
759
441
674
488
283
630
435
334
160
136
370
73
854
358
276
502
589
646
296
604
65
178
301
188
421
816
544
781
968
336
855
770
674
66
779
408
950
397
214
305
718
376
506
218
110
919
218
790
386
347
695
432
341
867
187
178
134
37
104
783
390
517
202
247
906
402
411
898
933
706
353
110
958
485
123
982
859
596
247
330
831
355
720
990
304
170
344
87
113
39
770
683
549
165
136
829
676
826
388
210
870
792
331
696
86
390
244
516
961
654
616
911
780
613
346
882
975
553
286
832
421
604
139
195
793
534
135
889
97
268
264
222
139
50
624
259
963
391
740
565
691
16
906
354
421
885
176
137
635
984
683
533
994
581
912
472
282
915
788
935
407
817
167
264
142
335
159
855
695
23
172
145
772
723
141
977
509
945
758
434
67
896
645
817
863
890
603
925
129
483
370
992
403
952
628
636
205
317
342
151
41
55
229
725
659
232
384
657
223
747
75
357
593
192
71
902
808
944
32
876
329
63
47
663
197
779
588
678
566
198
604
739
961
189
636
775
458
739
886
989
593
587
546
782
27
48
456
879
668
820
819
427
628
184
21
808
534
364
178
632
712
833
228
641
466
527
921
811
858
4
915
585
572
483
285
127
986
14
215
9
151
760
709
477
439
994
242
53
423
182
281
678
585
895
518
361
222
545
62
608
911
156
4
35
427
703
520
665
51
964
914
58
255
286
443
565
183
160
452
5
549
123
856
544
442
383
921
184
528
746
24
349
250
713
56
358
747
883
683
711
514
740
549
698
945
759
653
306
591
443
68
716
965
672
259
37
834
453
534
822
806
126
967
969
822
778
987
645
891
104
5
114
828
234
314
788
498
180
553
933
641
191
849
469
520
614
527
440
803
790
97
388
539
923
909
404
870
961
664
204
330
701
697
111
381
654
657
641
903
899
845
965
903
596
867
235
852
696
834
852
757
514
765
655
390
536
171
396
412
576
193
80
551
168
901
161
571
589
307
232
741
856
950
414
926
307
55
12
666
894
692
604
44
19
845
178
878
335
811
725
994
677
455
594
834
207
120
746
847
322
296
623
855
45
441
438
428
779
360
341
252
84
882
303
61
544
522
82
297
879
940
728
519
530
219
319
312
481
180
309
979
504
65
122
755
46
768
277
844
361
477
634
206
9
342
603
183
728
349
970
323
324
665
586
966
772
866
165
594
946
750
276
722
520
428
744
344
365
59
546
802
293
966
562
203
256
424
760
875
441
771
766
900
87
215
236
174
196
672
40
697
145
139
423
778
8
155
993
599
305
236
579
863
979
953
611
465
901
309
163
980
415
410
194
913
148
791
247
213
114
653
852
27
278
697
29
741
565
190
997
3
711
937
707
62
264
282
996
718
474
663
151
427
896
337
944
474
615
395
929
301
366
485
494
749
975
625
858
213
114
317
22
525
885
19
157
504
564
741
561
708
933
282
668
841
251
58
854
581
735
673
76
560
258
406
491
318
815
132
503
716
399
143
400
467
23
855
786
162
242
409
320
927
549
420
380
158
318
324
747
940
518
98
314
380
790
731
544
23
183
62
247
88
356
956
353
922
150
64
357
575
630
781
179
150
995
164
200
177
577
711
461
410
767
287
698
813
376
866
737
214
93
794
595
977
396
145
293
928
32
456
787
762
935
679
533
853
583
150
409
499
975
385
745
153
877
418
604
310
652
56
936
431
983
272
489
107
642
980
512
467
667
796
633
606
425
362
980
995
488
861
899
274
734
986
918
919
542
339
562
30
925
267
38
549
181
964
577
491
840
639
685
377
260
598
528
257
506
54
999
240
332
211
561
908
503
443
367
194
2
232
971
350
457
479
388
138
851
605
255
127
455
234
326
817
933
718
576
292
912
554
372
957
806
847
83
190
11
957
553
235
685
990
957
431
857
835
46
575
305
357
770
740
565
551
664
141
968
600
646
377
902
674
753
919
250
21
805
343
326
83
236
555
343
511
317
710
350
334
848
1
587
942
544
810
96
777
642
158
524
811
909
919
865
418
155
808
146
113
458
594
240
364
65
572
863
409
191
405
23
982
871
648
996
540
753
472
175
300
125
880
981
379
64
783
301
181
842
915
842
330
423
27
948
886
430
218
234
521
403
603
584
464
491
547
191
588
140
670
219
95
546
348
548
82
857
631
231
463
388
248
206
95
58
471
947
649
