5120
2
3
8832
5
6
7
284
9
10
11
12
13
14
15
16
17
18
19
20
21
22
23
24
1038
26
27
28
29
30
31
32
9372
34
35
9334
37
38
39
40
41
8903
43
44
45
46
47
5070
49
3407
51
3236
53
54
55
5359
57
58
59
6814
61
908
63
64
65
66
67
68
69
70
71
72
73
74
75
76
3513
78
763
210
6295
82
83
930
85
86
87
88
89
1533
91
92
93
3600
95
96
97
98
739
100
101
102
103
104
2640
106
107
3443
109
110
111
112
113
114
115
116
9775
2648
119
120
121
122
123
4110
2854
126
1504
899
2081
130
131
132
133
134
135
136
137
6975
139
415
141
142
143
8967
145
3415
147
148
149
7055
151
152
153
154
3015
156
157
158
159
3594
161
257
163
164
165
5114
167
6504
9540
170
171
172
173
4276
5716
176
9610
178
3084
180
181
182
1335
184
185
186
187
188
8672
2987
191
192
193
194
195
196
6643
2570
199
9834
201
202
203
6553
205
206
207
8738
209
9174
211
212
213
695
215
5673
217
218
219
220
221
222
2017
2163
225
226
227
228
229
230
231
232
233
234
235
236
237
238
239
240
6440
242
243
244
245
246
247
248
3526
250
9668
252
5060
254
255
1541
1399
258
259
260
261
262
7154
264
265
9318
267
268
8712
270
271
272
1227
1680
275
276
277
278
279
280
281
3263
283
6473
285
286
287
288
289
290
5258
292
293
294
295
296
297
298
299
8916
301
302
2716
304
2198
306
307
308
309
7072
4193
5969
593
8130
315
316
4830
8326
319
320
6054
322
1653
9353
3969
9129
327
328
329
330
5560
8849
333
334
335
336
3068
338
339
340
341
342
6648
344
345
346
347
348
349
350
351
6357
353
354
355
356
357
8244
359
360
361
362
363
364
365
1023
367
368
369
370
371
372
373
374
375
376
377
2613
379
380
381
6896
383
384
385
386
387
3097
389
7378
6817
392
8110
394
395
3655
397
398
399
8419
401
402
403
404
405
406
9290
408
409
410
411
412
413
414
415
416
417
418
4997
4779
421
422
423
424
425
426
427
428
429
430
431
432
433
434
310
436
9502
438
439
440
441
442
443
444
445
446
447
448
449
450
451
452
453
454
455
456
2084
458
459
460
461
462
463
464
465
466
467
468
9028
470
7306
472
1026
474
475
476
477
478
479
480
451
9557
483
2579
485
486
487
488
489
4741
491
492
493
494
495
8383
497
498
499
4192
501
502
503
504
505
506
507
508
509
510
7182
512
513
514
515
516
517
518
4063
520
2314
522
1071
524
286
526
527
528
529
3541
531
532
533
534
535
536
537
538
539
540
541
542
543
544
545
546
4119
548
549
550
551
552
553
7224
555
556
4693
558
559
560
561
562
7541
564
565
566
567
568
569
570
571
6074
573
574
7483
576
577
578
579
580
581
9893
583
584
967
586
587
588
589
590
1980
2399
2942
594
595
596
7213
598
599
600
601
602
603
9316
605
2630
607
608
609
610
611
612
613
614
6774
616
617
618
619
620
621
622
623
7773
625
626
627
9077
629
630
631
632
633
8241
635
9471
637
638
410
3515
641
642
2815
644
645
646
647
648
649
650
651
8722
653
654
655
656
657
658
659
660
661
3381
663
664
665
666
667
668
669
670
671
672
673
674
675
676
677
5544
679
680
3721
682
6496
684
685
686
3457
688
689
690
691
692
693
694
695
696
697
698
699
700
5102
702
741
704
4771
706
707
708
709
710
711
2846
8090
714
715
716
717
718
719
8780
721
722
723
6096
459
490
727
728
729
730
731
2202
7777
734
6126
475
737
738
739
342
741
742
6323
744
745
746
4414
748
749
628
5811
9873
753
754
755
756
757
758
759
4668
761
762
763
282
765
766
767
768
769
770
771
772
773
774
775
776
181
778
779
780
781
9568
783
4220
785
5072
787
788
789
6733
2956
792
793
794
795
796
797
798
799
800
8440
802
803
804
805
806
807
1634
1740
1511
2886
812
813
2977
815
816
4019
818
819
820
821
9966
823
824
3223
3379
4157
6656
829
830
831
832
833
834
835
836
837
838
9369
840
9919
6855
843
844
845
846
6720
848
3152
850
851
852
853
1314
855
856
2110
858
859
860
861
5279
863
1222
865
8243
867
868
2268
870
2628
4467
9841
163
8992
876
877
878
879
880
881
882
883
884
2641
886
887
888
889
890
439
892
9608
6246
2776
405
897
8655
3683
900
901
612
1029
904
5503
906
5255
908
909
3057
911
912
913
914
915
916
917
918
919
920
921
922
923
924
2444
7460
8168
928
929
930
4379
932
933
934
725
936
6981
938
939
886
941
4895
943
944
945
946
2406
948
949
7502
951
952
953
954
7809
956
957
958
959
4402
961
962
8443
3003
2079
966
967
9530
969
970
971
8103
9493
974
975
976
977
978
979
980
981
982
6402
8317
9895
7778
8939
988
989
990
991
992
993
4479
995
996
4632
998
999
1000
1001
9241
1003
1004
5170
1006
1007
1008
633
6361
1011
1012
1013
1278
1015
1016
1017
1018
1019
2675
1021
1022
1023
1024
1497
1026
1027
6889
1029
1030
6913
1032
1033
1034
5215
1036
1037
1038
1039
8971
2787
1042
1043
1321
1045
1046
1047
1048
1049
1050
9083
8464
4139
1054
5951
1056
9567
1058
1059
1060
1061
9741
9467
1064
1065
1066
7142
1068
710
1070
2023
1072
1073
1074
3327
455
1077
1078
1079
9768
1081
1082
6462
2300
1085
1086
1087
1299
1089
1090
1091
888
1093
1094
1095
1096
1097
1098
1860
1100
7840
9321
1786
1104
1105
1106
1107
1108
1109
7551
1111
1112
1113
1291
1115
1116
1117
603
1119
9954
2112
1122
1123
3797
1125
1126
4811
1128
1129
239
8339
1132
1133
1134
1135
1136
1137
6094
1139
1140
1141
1142
4507
1144
1145
1146
1147
1148
2405
1150
5433
1152
1153
1154
1155
1156
1157
1158
2726
1160
1161
8771
1163
1164
1165
1166
1167
1168
1169
1170
1171
4593
528
1174
1175
1176
1177
1178
9049
1180
1181
1182
1183
1184
1185
1186
3353
4990
1189
1190
1191
1192
1193
1194
9938
1196
1197
1198
1199
1200
1201
1202
1203
1204
1205
1484
1207
3201
1209
4893
1211
3138
1213
1214
1215
1216
1217
1218
1219
1220
1221
1222
1223
1224
1225
1226
1227
1228
1229
1230
2664
3275
1233
1234
1235
1236
1237
1238
1239
8613
1637
1242
1243
1244
1245
1246
1247
1248
1249
1250
5387
8201
7286
1254
1255
1256
1257
1258
9176
1260
1261
7329
1263
1264
1265
1266
1267
1268
9054
1270
5942
1272
1273
1274
1275
1276
2730
2086
1279
1280
8102
1282
1283
5091
1285
1286
1287
1288
1945
1290
1291
1292
3373
1294
847
782
1297
8864
1299
6256
1301
2674
2147
1304
2879
1306
1307
1308
1309
1310
1311
1312
7151
1314
381
3006
1317
1318
7750
1320
7109
1322
1323
1324
1325
1326
1327
1328
6088
1330
1331
7307
2749
1334
1335
1336
1337
1338
1339
1340
1341
1342
1343
1344
1345
1346
1347
3985
1349
1350
1351
1352
1353
1354
1355
1356
1357
1358
1141
2321
1361
5166
3000
1364
8672
1366
1367
1368
1369
1370
1371
1372
1373
1374
8139
1376
1377
1378
1379
8740
1381
8370
1383
5312
1385
1386
1387
319
1389
1390
8259
1392
1393
1394
4544
7368
1397
1398
1399
1400
1401
1402
1403
8454
1405
1825
1407
1408
1409
4810
1411
1412
8688
3476
1415
1416
1417
1418
1419
1420
1421
6390
3764
1424
1425
1426
8970
1428
1429
1430
2918
592
6868
1434
1435
1436
3360
1438
1439
1440
1441
1442
1443
1444
1445
1446
1447
1448
1449
806
8669
1452
1453
1454
1455
1456
1457
1458
1459
1460
1461
1462
1463
1464
7823
1466
6624
4510
1469
9308
1471
1472
1473
1474
1475
1476
1477
1478
1479
2700
1481
7980
1483
1484
1485
1486
2424
7362
1489
1490
1491
1492
1493
1494
4485
1496
1497
1498
1499
1500
1501
1502
1503
1504
1505
2767
2461
501
1509
1510
1511
1512
1513
1514
6652
1516
1517
1518
1519
1520
8775
1522
1523
4390
1525
1526
5494
1528
1529
1530
619
9037
9482
1534
1535
7446
1537
9864
1539
1540
1541
1542
1543
4717
1545
899
1547
1548
1549
1550
208
6602
2388
1554
1555
1556
1557
1558
1559
4518
1561
1562
3989
1564
1565
1566
3139
8405
1569
1570
1571
1572
8478
1574
1575
1576
4404
5024
1830
2104
1581
1582
1583
1584
80
1586
1587
9550
1589
6747
1591
1592
7216
1594
1595
1596
1597
1598
1599
1302
1601
1602
1603
1604
1605
1606
1607
1608
1609
3318
1611
1612
1613
1614
1615
1616
1617
690
1619
1620
1621
5712
1623
1624
1625
1626
1627
1628
1629
8634
1631
1632
1633
1634
1635
1636
1637
1956
1639
1640
1641
1642
1643
1644
1645
1646
1647
3666
1649
1650
1651
1652
1653
1654
1655
2522
1657
1658
1218
1660
6600
1662
1663
7295
1665
1666
1667
2267
1669
3295
1671
1672
3595
6380
1675
1676
1677
1678
1679
928
1681
1682
1683
2401
1685
1686
1687
1688
1689
1690
7270
1692
1693
1694
3187
3790
2081
1698
4604
1512
8780
1702
1703
5905
8576
1706
1707
1708
1709
75
1711
1712
1713
7349
2759
9531
1717
1718
1719
1720
1721
1722
3221
1724
1725
1726
1727
1728
1729
1730
1731
5049
1733
1734
1735
1736
1737
1738
9769
1740
1741
8951
1743
1744
1745
1746
1747
1748
1749
7798
1751
1752
1753
1754
1755
1756
710
1758
1759
4206
4088
1762
1763
4639
1765
1766
1767
1768
1769
1770
1771
1772
1773
1774
1775
1776
8061
1778
1779
9839
6493
9640
1783
1784
1785
8758
1119
6418
1789
1790
1791
1792
1106
5480
1795
9085
9266
6804
1799
1800
1801
1802
1803
1804
7869
1806
1807
5620
4042
7463
784
1812
1813
1814
1815
7565
1817
1818
1819
1820
2750
1822
3791
1824
1825
1826
1827
1828
1829
1830
1831
3800
1833
1834
1835
1836
1837
5293
1839
1840
1841
7012
1843
468
1681
1846
1847
1848
1849
1850
2266
1852
1853
1854
1855
1856
1857
4467
1859
3136
5671
1862
180
7074
1865
1866
1867
1676
1869
1870
1871
5674
9818
7829
1875
1876
1877
1878
1879
1880
1881
8048
1883
1884
1885
2866
1887
1888
1889
6176
1891
1892
1893
1894
1895
1173
1897
7283
1899
1900
6760
6960
3490
1904
1905
1906
1907
1908
1909
1910
1911
1912
1913
1914
1915
1916
1917
1918
7094
2723
1921
1922
1923
1924
1925
4070
7651
6594
9522
1930
1931
1932
5173
1934
1935
2478
1937
147
1939
1292
1941
1942
1943
1944
1945
1946
1947
4812
4198
7431
1951
6720
8876
1954
1955
1956
1957
1958
9979
1960
1961
5315
1963
1964
1965
1966
1967
1968
1969
1970
1971
1972
1973
1974
1975
479
1977
1978
380
1980
1981
1982
1983
1984
1985
3999
202
1988
1989
4302
1991
1992
1993
9611
1995
5012
4123
1998
1999
2000
7925
2002
2003
2004
2005
2006
2007
2008
2009
2010
2011
7141
2013
2014
2015
2016
2017
2018
2019
7945
2021
2022
2023
2549
2025
712
2027
2028
2256
2030
2031
9576
5910
2034
2035
2036
2037
2038
2039
2040
418
2042
8045
2044
2045
2337
2047
5369
2049
7504
2051
2052
2053
2054
8345
5431
2057
2058
6952
2696
2824
2062
2063
2064
2065
2066
9168
2068
2069
2070
2071
2072
7209
3839
2646
2076
2077
2078
2956
2080
2081
2082
2083
2084
2085
2889
2087
1174
2089
2090
2091
2092
2093
2094
2095
2096
2097
2098
2099
2100
2101
2102
2103
2104
2105
2106
2107
2108
2770
2110
2111
2112
2113
2114
2115
8981
2117
2118
2119
2120
2121
6172
2123
2124
2125
2126
4914
2128
2129
2130
2131
1803
2216
2134
2135
2136
2137
6281
2139
2140
4282
4597
6588
4882
2145
2146
2147
2148
8890
2715
2151
1347
5261
2154
2155
2156
2157
2158
2159
8191
2161
2162
2163
2164
2165
9321
4054
2168
5814
2170
2171
2172
2173
2174
2175
5301
2177
1857
2179
2180
2181
2182
5928
3627
8558
2186
2187
2188
2189
2190
2191
2192
2193
4435
2195
3699
2197
2198
2199
2200
2201
2202
2203
2204
2205
2206
2207
2208
2209
2210
2211
2212
2213
6240
2739
2216
7476
1797
2219
2220
2221
2222
2223
2224
2225
2226
2227
2228
2229
2230
2231
26
2233
5842
105
2236
2237
2238
2239
8596
2241
2242
2243
2244
8874
2246
1627
2248
7596
9943
983
2252
2253
2254
2255
1665
2257
2258
2259
2260
2261
2262
2263
1898
2265
2266
2267
2268
2269
2270
2271
2272
2273
3497
2275
2276
2277
6831
2279
2280
2981
2282
2283
2284
2285
2286
2287
2288
2289
2290
2291
2292
6155
2294
2295
2296
2297
2298
9536
2300
2301
3803
2303
2304
3192
2306
2307
2308
660
165
8299
2312
2313
6012
2315
2316
382
2318
2319
2320
2321
2322
2323
2324
4500
2326
2327
2328
2329
2330
4237
2332
2333
6729
2335
2336
2337
2338
2339
2340
2341
2342
2343
5242
2345
2346
2347
727
2349
4067
2351
2352
2353
2354
2355
2356
2357
3555
2359
9153
2361
5245
4529
2364
2365
363
2367
2368
2369
2370
6610
2372
2373
67
2375
9436
2377
2378
2379
2380
2381
2382
2383
2384
2385
4239
2387
2388
2389
4388
2391
2392
2393
2394
2395
2396
2397
2398
9091
156
2401
1979
2403
6380
8576
2406
2407
2408
2409
1376
2411
9933
2413
2414
3628
2416
2417
2418
4201
2582
2421
2422
1440
3498
2425
2426
2427
2428
8040
2430
2431
7338
2433
2434
2435
4038
2437
2438
2439
2440
2441
2442
2443
2444
2445
5582
2447
1605
1875
2450
2451
2452
8986
7712
2455
2456
4155
2458
2459
2460
2461
6128
2463
5317
2465
2466
6456
2468
2469
2470
2607
2472
2473
2474
2475
2476
5711
2478
2479
2480
2481
207
2483
2484
2485
965
6573
2488
3971
2490
2491
2492
2493
2494
2495
2496
2497
2498
5345
2500
2501
2502
2503
2504
2505
2711
2982
2508
2509
2539
5909
8354
2513
2514
213
2516
2517
2518
7282
2520
8417
3258
8337
2524
2525
2526
2527
8146
8450
2530
2531
2532
2533
9798
4627
2536
8139
6685
2539
2540
2541
2542
4555
2544
1870
2546
2547
4963
2549
2550
2551
2552
4770
2554
2035
2556
92
2558
2559
2560
2657
4618
2563
393
7456
2566
1662
2568
2569
2570
111
2572
2573
2574
2575
2576
101
2578
2579
2161
9355
2582
2583
2584
2585
2586
2587
2259
2589
2590
1437
9717
2223
2594
2595
9503
2597
2598
3775
2600
2047
2602
2603
2604
2605
2606
2607
2608
2609
2610
2611
2612
2613
2614
2615
2616
2617
2618
9079
2620
2621
2622
3086
2624
2625
2626
2866
6895
2629
4159
2631
2632
3893
2634
2635
2636
2637
6598
6409
2640
2641
2642
2643
2644
2645
2575
2793
5182
3647
2650
2651
2652
2653
6689
2655
3182
2657
2658
6955
2660
2661
2662
2663
2664
2665
1699
2667
2668
2669
1513
9269
2672
2246
2674
2086
2676
4618
9205
2679
2680
2681
2682
642
2684
3496
9659
2687
2688
2689
2690
2691
8761
2693
2694
2695
2696
2697
2698
2699
2700
2701
2702
2703
2704
2705
2706
2707
2708
2709
2710
2711
2712
2713
1610
2715
2716
6987
2718
2719
2720
2721
9981
2723
2724
7569
2726
2727
7825
2729
393
2731
2732
2733
3038
2735
289
2737
804
2739
2740
2741
2742
2743
2744
7472
2746
2281
2748
2749
2750
2751
2752
920
2754
2755
2756
2757
2758
2759
2760
2761
2762
2763
2764
1096
533
1952
2768
1739
2770
2771
2772
751
5688
2775
2776
2777
2778
3227
2780
9023
9746
4916
2042
2785
2786
2787
2788
1548
2790
945
8993
2793
9283
156
2796
2797
2798
2799
2800
2801
2802
2803
2804
2805
2806
2807
2808
2809
2810
2811
2812
2813
2237
1412
2816
868
2818
2819
2820
2821
2822
2823
2824
2825
1544
2827
2828
2829
2830
2831
2832
1595
2834
2835
2836
9390
2838
2839
2840
2841
2842
7517
2844
2845
2846
9438
2848
524
2850
2951
2852
2853
6134
2855
2856
2633
1698
2859
4088
2861
2862
2863
2864
2865
2866
7623
2868
2869
2870
2871
2872
2873
2874
1069
2876
4625
2878
3421
2880
2881
6211
2883
6740
3813
2886
2887
2888
2889
2890
2891
2892
2893
2325
2895
2896
2897
1667
2899
2900
6110
6095
2903
2904
2905
2906
2907
3583
2909
2910
2911
3101
2913
2914
2915
2916
7620
2918
6252
2920
2921
2922
2923
7758
3515
3441
2927
2928
2929
2930
2931
2932
9762
2934
2935
2936
2937
2938
9387
2940
2941
2942
2943
2944
2945
2946
9271
2948
2949
2950
2951
8475
2953
2954
5993
2956
2957
2958
2959
2960
2961
2962
2963
491
2965
4844
358
8434
2969
2970
2971
2972
3326
2974
2975
2976
3495
2978
2979
2980
3901
6957
8847
77
2985
2986
2546
8931
2989
2990
2991
2992
2993
2994
2995
2996
8824
2998
2999
3000
3001
7396
3003
3004
932
3006
1022
3008
3009
3010
3011
1596
3013
9720
3015
3016
3017
3018
3019
3020
3021
3022
7942
3024
3025
3026
3027
3028
3029
3030
9204
3032
5443
3034
3035
4621
3037
3038
3039
3040
3041
1808
271
3044
3045
2396
3047
3048
3049
3050
3540
836
3053
3961
4909
3056
3057
3058
3059
3060
1550
7198
3063
3064
3065
3066
3067
3068
3069
8589
3071
2080
2058
3074
7077
4028
3077
442
3079
3080
3081
9281
3083
3084
8980
3086
3087
3088
3089
3090
3091
3092
3093
3094
3095
3096
3097
8479
3099
3100
3101
3102
5831
3104
6087
3106
3107
3108
3109
3110
8028
3112
1982
3114
1974
3116
3117
3118
3119
3120
3121
2633
3123
3124
3125
3126
3127
3128
3002
6605
3131
3132
3133
3134
7579
3326
3137
3138
3139
8478
3141
3142
3143
3144
6763
7094
4975
3148
3149
3150
3151
3152
3153
3197
3155
3156
3207
3158
3159
4002
3161
4731
8077
1775
3165
7016
5511
3168
3169
3170
3171
3172
3173
3174
3175
3176
3177
7072
9727
9704
3181
3182
3183
3184
2852
9156
9549
3188
3189
3190
7074
3192
3193
3194
3195
3196
5004
3198
3199
3200
3201
3202
3203
3204
3205
3206
3207
3208
3209
3210
2791
2229
2772
6879
3215
3216
3217
7310
9738
4176
3221
6022
3223
9304
3225
683
3227
3228
3229
3230
3231
3232
3233
3889
3235
3236
3237
5878
3239
5785
5021
3242
3243
3244
4778
6273
3247
3248
3249
3250
7530
8034
2581
3254
3255
3256
3257
8921
3259
3260
9450
284
3263
3264
3265
3266
3267
3268
5519
3270
3271
3272
3273
3274
3275
3276
3793
3278
3279
3280
2022
3282
3283
3284
3285
3286
3287
3288
3289
3290
3291
6401
3293
3294
3295
3296
4003
3298
3299
3300
6381
3302
3303
3304
3305
3306
3307
2370
3309
6134
3311
3312
3313
3314
3315
7375
3317
3318
3319
3320
3321
3322
4263
3324
3325
3326
7573
3328
3856
3330
3331
3332
1926
3334
3335
3336
3337
3338
8187
3340
7597
3342
3343
3344
3345
3346
3347
6978
3349
3350
3351
3352
3353
3354
3355
5903
3357
3906
3359
3360
3361
304
9452
3364
2802
3366
3367
3368
3369
3370
5225
3372
3373
3374
3375
1658
9774
91
3379
3380
8945
2621
3383
3034
5910
3386
3387
5953
2371
4354
3391
3392
3393
3394
3395
3396
3397
3398
3399
3400
3401
3402
3403
3404
3405
3406
3407
3408
3409
3410
3411
3412
2481
3414
3415
289
3417
3418
3419
3420
9032
3422
3423
5214
3425
2733
3427
2491
3429
3430
3431
9627
1473
8857
3435
3436
6706
3438
1056
3440
3441
3442
3443
3444
3445
3446
3447
3448
3449
3450
953
3452
3453
3454
3455
3456
3457
3458
5867
3460
3461
3462
3463
3464
3465
3466
4883
3468
3469
4634
3471
3472
4331
3474
3475
3476
3477
3478
3479
3480
3481
3482
2954
3484
3485
3486
5590
3488
3097
3490
3491
5785
3493
3494
3415
7062
3497
3498
3499
3500
320
3502
3503
2623
3505
3506
3507
3508
6713
3510
2264
3512
4745
237
3515
3516
3517
7152
3519
9143
3521
3669
3523
3524
3525
3526
3527
3528
3529
3530
3531
3532
3533
3534
3535
3536
3537
3538
3539
9223
3602
3542
3543
3544
3545
3546
3547
3548
3549
3550
9185
6150
3553
3554
3555
3556
3557
3558
612
3560
3561
3562
3563
4891
3565
3566
3567
3568
3569
3570
3571
3572
3573
1446
9709
7378
3577
7402
4292
3580
3581
3582
6378
1587
3585
7653
3587
3588
3589
3590
3591
3592
3593
5009
7353
3596
1080
9793
5945
3633
3601
3602
3603
3604
3605
3606
3607
3608
3609
3610
3611
3612
3613
2401
3615
1905
3617
3618
3619
5046
3621
3622
3623
3069
3625
3626
3627
3628
497
3630
3631
1302
3633
3634
3635
2421
9638
9533
8489
3640
3641
3642
3643
3644
3945
3646
3647
3648
3649
3650
3651
3652
3653
9724
3655
3656
3657
3658
3659
6694
3661
3662
805
7231
5045
3666
3667
3668
3669
2343
3671
7202
3673
3674
3675
3676
3677
3678
3679
3680
3681
8323
3683
8969
3685
3686
3687
3688
3689
3690
3691
3692
3693
3694
3695
3696
3697
3698
3699
3700
3701
3702
3703
3704
3705
3706
3707
3708
3709
3710
7498
6536
3713
2853
3715
3716
3717
3718
3719
3720
3721
3722
3723
3724
3725
3726
3727
6679
7564
5540
8066
3732
3733
3734
3735
41
3737
3738
3739
3740
3741
3742
3743
3744
4525
5874
4782
3748
3862
3750
3751
3752
3753
3183
3755
8374
3757
3758
3759
3760
2715
3762
3763
7721
4691
3766
3767
3768
3769
3368
3771
7199
3773
3878
3775
8322
3777
3778
3779
3780
7999
3782
3783
3784
3785
3786
3787
820
3789
3790
3791
1392
3793
9316
4496
3796
271
3798
3799
3800
8733
3802
3803
1535
3805
3806
8528
3800
9120
3810
3811
9927
1794
2370
3815
3816
3817
3818
3819
3820
3821
3822
3823
3824
5707
3826
3827
3828
3829
3830
5442
3832
3833
3834
3835
6116
8595
3838
3839
3840
3841
3842
7084
3844
3845
3846
3847
3848
3849
3484
3497
3852
3853
3854
3855
8641
3857
3858
3859
3860
3861
3862
3863
5128
3865
3866
5622
3868
3869
3870
2888
3872
3873
3874
3875
9321
3877
3878
3879
3880
3881
3882
3883
3884
3885
3886
1289
912
3889
5067
3891
3892
3893
3894
3895
3896
3897
3898
7073
3900
3901
738
3903
3904
3905
3983
3907
3908
9270
3910
3911
3912
3913
3914
3915
3916
6940
2079
3919
3920
3921
336
9134
3924
3925
5647
3927
4911
3929
3930
3931
3932
3933
3934
3560
3936
3937
4472
3939
3940
3941
3942
3943
7508
3945
3946
3947
3948
5833
3950
5940
3952
3953
3954
3955
3956
3957
3958
3959
3960
3961
4299
3963
76
1985
8920
3967
4817
3969
3970
450
3972
3973
3974
3975
3976
6086
3978
9671
3980
3981
2611
3983
3984
3985
3986
3987
3988
3989
5117
3991
3992
5099
3994
3995
3996
3997
1032
3999
4000
4001
3466
4003
4004
6106
4006
4007
4008
4009
4010
4011
4012
2259
4014
4015
1526
4017
6559
4019
6349
4021
4022
4023
4024
4025
6129
4027
4028
4029
4030
8619
4032
4033
4034
4035
3175
4037
4038
4039
4040
4041
11
4043
4044
4045
4046
4047
4048
4049
4050
4051
4052
4053
4054
4055
4056
4057
2874
4059
4060
4061
4062
4063
4064
4065
4066
371
4068
6347
4070
4071
4072
4073
8487
5837
4076
4077
3120
4159
4080
4081
4082
4083
4084
9656
4086
4087
4088
5285
7528
4091
4092
7126
1628
4095
4096
4097
4098
4099
4100
4101
4102
4103
388
4105
7181
8974
4209
4109
155
4111
4112
4113
2491
8078
4116
2173
4118
4119
1699
4121
4122
5959
7182
4125
4126
5858
3593
4129
4130
4131
9635
4133
4134
4135
276
4137
4138
4139
4140
4141
4142
4143
7592
3523
4146
4147
8897
4149
4150
4151
1851
8922
4154
4155
6176
4157
4158
4159
4160
2686
4162
4163
4164
4165
4166
4167
4168
1621
4170
4171
4172
4173
4174
4175
4176
1101
7564
4179
9515
4181
4182
4694
4184
4185
3231
4187
9327
4189
4190
7034
4192
4193
4194
4195
4196
4197
4198
4333
4200
4201
4202
4203
4204
5043
4206
4207
4208
4209
4210
4211
9091
4213
4214
4215
8502
4217
4218
4219
4220
4414
4222
4223
4224
4225
4226
4227
4228
4229
4230
4231
4232
4233
343
4235
5099
6187
4238
4239
4240
4241
7907
4243
4244
4245
4246
4247
4248
4249
4250
4251
4869
4253
4254
4255
4256
4257
7126
5830
4260
4261
4262
7081
4264
6520
4266
4267
4953
6888
4270
1279
1133
4273
4274
6487
4276
4277
4278
2563
4280
256
4193
4283
3371
4285
1378
4287
4288
4289
4290
4291
4292
4293
4294
4295
4296
2008
4298
1004
4300
4301
4302
9459
5588
4232
4306
4307
2877
7778
750
4311
4312
4313
4314
4315
4316
4317
4318
6410
4320
4321
7589
4323
4324
4325
2227
4327
4328
4329
4330
4331
4332
4333
6884
4335
7650
4337
4338
4339
4519
4341
4342
4343
4344
4345
2640
4347
4348
4349
4350
5515
4352
2393
4354
4355
4356
4357
4358
4359
4360
4361
4362
4363
4364
4365
4366
7105
4368
4369
4370
4371
4372
4373
4374
4375
8623
4377
4378
2191
4380
4381
4382
4383
4384
7319
4386
8767
9206
4389
4390
4104
8066
4393
4394
4395
4396
4397
6815
4399
4400
4401
2059
4403
4404
6843
4406
4407
4408
4409
4410
4411
6191
4413
4414
4415
4416
4417
8142
4419
4420
5409
2416
4423
4424
4425
4426
6765
4428
4429
4430
4431
3371
4433
4434
5460
4436
4437
4438
4439
4440
8044
4442
9384
4444
4445
4446
4447
1096
4449
42
4451
3169
4453
1911
858
4456
4457
4458
9776
9386
4461
9971
4463
4464
5597
4466
9041
4468
4469
4470
4471
4472
4473
4474
4475
4476
4477
5725
4479
4480
4481
4482
4483
4484
7211
4486
9908
5394
4489
4490
4491
4041
4493
945
4495
7393
4497
4498
4499
4500
4501
9187
3206
2468
4505
5238
4507
4508
4509
5711
2817
4512
4513
9147
4515
6373
4517
4518
4519
4520
900
6597
4523
4524
4525
4526
4527
4528
4529
4530
4531
4532
7923
4534
4535
4536
4537
4538
4539
4540
4541
4542
4543
4544
4545
4546
4547
4548
4549
4550
4551
4552
4553
5048
8712
4556
4557
9479
4559
4560
4561
4562
1852
4564
4565
4566
4567
4568
4569
4570
4571
4572
4573
4574
4575
589
4577
4578
6613
4580
4581
4582
4583
8234
4585
5309
4587
4588
4589
167
4591
4592
9356
20
4595
9529
7994
4598
4599
6351
4601
639
4603
4604
4605
4606
4607
2106
4609
1703
302
4612
4613
9916
4615
9875
4617
9394
4619
9011
4621
4622
4623
4624
4625
2212
4627
4628
4629
4630
2196
4632
4633
5597
4635
4636
4637
4638
4639
4640
4641
4642
4064
4644
4645
4646
4647
4648
4649
4650
4651
4652
4653
4654
4655
4656
3979
4658
4659
4660
4661
4662
4663
4664
4665
4666
4667
4668
5067
4670
4671
4672
4673
4674
1716
4676
9400
974
4679
4680
4681
4682
4683
4684
4461
5282
4687
4086
4689
8304
4691
4295
4693
4694
4695
9319
4697
4698
4699
4700
4701
4702
4703
4704
4705
2416
4707
4708
8399
4710
4711
4712
4885
4714
4715
8054
4717
4984
4719
4720
4721
4722
4723
116
4725
4726
4727
6613
4729
4730
4731
4732
4733
2840
4735
4736
4737
4738
4739
4740
4741
4742
4743
4744
4745
4746
3331
4748
4588
4750
4751
4752
5570
4754
4755
4756
4757
4758
4759
4760
4956
4762
6488
4764
4765
4766
4878
4768
4769
4770
4771
4772
4773
4774
4775
4776
4777
4778
5981
3317
4781
4782
4783
4784
4785
4786
4787
4788
4789
4790
4791
4792
4793
4464
4795
4796
8156
4798
8046
4800
4801
4802
4803
4804
7855
4806
9621
4808
4809
4810
8446
3407
4813
4814
4815
4816
3630
8773
4819
4820
6558
4822
4823
4824
4825
4826
4827
4828
5828
4830
4831
4832
4833
4834
7853
4836
4837
4838
2589
9045
5875
2107
7178
4844
4845
8349
4847
2968
4849
2586
1577
4852
4853
2130
7500
4856
4857
7224
4859
4860
4861
4862
4863
4864
7498
6042
4867
4590
4869
4870
7243
4917
4873
4159
4875
4876
148
4565
4879
6466
4881
4882
1565
1530
1193
4886
4887
3871
4889
4890
3983
4627
3469
4894
4080
4896
5592
4898
4899
4900
4901
4902
8572
4904
4905
4906
6731
4908
4909
7841
2402
1989
4913
4914
438
4916
4917
4918
4919
4920
4921
4922
4923
4924
4925
4926
4927
4928
4929
4930
4931
4932
4933
3615
9831
4936
4937
4938
4939
3795
4941
565
4943
4944
4945
5548
4947
4948
4949
4950
4951
4952
4953
4954
4955
4956
4957
4958
4959
4960
4961
4962
4963
7346
4965
7046
4967
4968
7800
4970
6601
4972
4973
4974
152
4976
4977
4978
4979
2421
4981
1293
4983
6032
5412
4986
4987
7324
4989
4990
4677
8642
4993
4994
4995
4996
4997
4998
4999
5000
5001
5002
5003
4068
5005
5006
5007
5823
5009
5010
5011
6375
3649
5014
5015
6050
5017
5018
5019
5020
7094
6248
5023
5024
5025
5026
5027
3700
5029
9758
5031
5032
5033
3277
5035
5036
5037
5038
5039
5040
5041
5042
5043
5044
5045
5046
5047
5048
5049
5050
5051
5052
5053
6357
8344
5056
5057
5058
5059
7392
5061
5062
439
5064
5065
5066
5065
5068
5069
5070
5071
2032
1290
5074
8196
5076
5077
5078
536
5080
5081
5082
5083
5084
3049
5086
5087
5088
4761
5587
5091
5092
1050
5094
5095
5096
3668
4229
9198
5100
5101
5102
5103
5383
5105
6469
5107
687
5109
5110
5111
5112
7190
5114
5115
5116
5117
5118
1
5120
5121
5122
5123
5124
5125
8595
5127
5128
5129
5130
5131
16
5133
5134
5135
5136
7597
5138
5139
5140
1485
3436
5143
5144
5145
5146
8983
4425
5149
5150
5151
5152
5153
5154
6314
5156
5157
763
5170
4012
5161
5162
5163
5164
5165
5166
5167
5168
116
5170
5171
4968
5173
5174
5175
5176
5177
5178
711
5180
5181
5182
5978
5184
5185
5186
5187
5188
5189
5190
5191
5192
5193
5194
5195
5196
5197
5198
5199
2783
5201
7413
2888
4965
5205
5206
5207
5208
5209
5210
3803
5212
5213
5214
5215
5216
5217
5218
5219
5220
5221
5222
9292
5224
7948
5226
5227
5228
5229
3431
5231
8967
7301
9170
5235
5236
5237
5238
8039
5240
1571
5242
5243
5244
5245
934
5247
5248
5249
5250
461
5252
5253
5254
9219
5031
5257
5258
5259
5260
5261
5262
5263
5264
4216
5266
5267
5268
5269
5270
5271
5272
5273
2014
5275
5276
5277
8326
5279
5280
5009
5282
5283
5284
3977
5286
5287
249
5289
5290
6117
5292
5293
2150
5295
9595
4216
5298
873
3077
5301
5302
5303
5304
5305
8476
5307
5308
7560
5310
5311
5312
5313
5314
2572
5316
5317
5318
5319
5320
5321
5322
5323
5324
5325
5326
5327
5328
8723
5330
5331
3149
5333
5334
5335
5336
5337
5338
5339
9761
5341
5342
5343
5344
3366
5346
4221
5348
5349
5350
5379
9140
5353
5354
5355
4194
5357
158
5359
5360
5361
5362
9424
5364
1405
5366
6864
5368
7193
5370
5265
5372
5373
5374
7110
9645
5377
5378
5379
5380
5381
6414
5383
5384
7540
7198
5387
5388
5389
5390
5391
5392
5393
5394
5395
3422
5397
5398
7911
5400
9871
5402
7143
5404
2182
5406
5407
5408
5409
5410
5411
900
7839
5414
5415
5416
5417
8743
5419
5420
9962
5422
5423
5424
5425
5426
8973
3210
5429
5430
5431
7675
5433
5434
5435
5436
1354
5438
5439
8762
5441
5442
5443
2584
1858
5446
9875
5448
5449
5450
5451
5452
5453
5454
5455
5456
5457
5458
5459
2696
5461
5462
399
5464
5465
5466
5467
5468
5469
248
1938
5472
5473
5474
5475
5476
5477
5478
5479
5480
5481
5482
688
5484
1177
5486
5487
5488
5489
5490
5491
5492
5493
9555
5495
5496
74
5498
5499
5500
444
5502
5503
5504
5505
5506
5507
5508
5509
5510
5511
5512
5513
5514
5515
5516
5517
5518
5519
5520
5521
5522
5523
6677
5525
5526
7119
5528
5529
5530
5531
5532
5533
5534
63
5536
5537
5538
781
5540
5541
5542
5543
5254
5545
5546
5547
5548
5549
3604
5551
828
5553
5554
7302
5556
5557
5558
5559
5560
5561
5562
5563
3381
6475
5566
5567
5568
5569
3238
5571
5572
9110
5574
8291
5576
6448
5578
5579
5580
5581
5582
5583
5584
5585
5586
5587
5588
9575
2879
5591
6884
5593
3173
5595
750
5597
5726
5599
5600
118
5602
7400
5604
5605
5606
5607
5608
3428
5610
7568
1467
7755
6148
4276
5616
9164
5618
5619
5620
1347
3785
5623
5624
4523
5626
5627
5628
5629
5630
5631
5632
8599
5634
1822
5636
5637
5638
5639
6141
5641
5642
5643
5644
5645
5646
5647
5648
5649
5650
5651
5652
5653
5654
5655
4474
5657
5658
7381
5660
9110
5662
5663
5664
5665
3770
5667
766
7719
5670
5671
5672
5673
5674
4495
5676
5677
5678
5679
5680
5681
5682
5683
526
6732
5686
5687
2108
5689
5690
4273
5692
5693
5694
5695
8708
5697
5698
5721
5700
5701
5702
5703
4246
5705
5706
5707
5708
5709
5710
149
5712
5713
8253
5715
5716
3817
5718
5719
5720
5721
5722
5723
5724
7763
3263
5727
5728
5729
5730
9339
2943
5733
5734
1046
5736
5737
6370
5739
5740
5741
58
5743
5744
5745
5746
5747
5748
5749
5750
5751
9149
5753
9193
5755
7657
5757
8134
5759
5760
2970
5762
4292
4038
8194
5766
5767
5768
9832
5770
5073
5772
5773
5774
5775
5776
5777
5778
5779
5780
3148
3990
5249
5784
5785
5786
5787
4893
5789
9097
7916
5792
5793
5794
5795
5796
8782
5491
5799
5800
5801
7595
5803
5804
5805
8438
4300
5808
5809
5810
909
5812
4013
5814
5815
5816
6003
5818
5819
2050
5821
7962
5823
5824
3996
5826
5827
5828
5829
5830
5831
1097
5833
5834
5835
5836
5837
5838
9432
5840
9974
5842
5843
5844
5845
5846
5847
5848
5849
5850
342
5852
5853
5854
5855
9506
5857
5858
5859
5860
4656
5862
5863
5864
2092
6058
5867
5868
5869
9635
5871
5872
5873
5874
5875
5876
3609
5878
5879
5880
3279
5882
277
5884
5885
5886
5887
5888
5889
5890
3903
2136
4451
5894
5895
5896
5897
5898
7271
5900
5901
7747
5903
5904
5905
5906
5907
5908
5909
5910
5911
5912
5913
5914
5915
5916
5917
5918
7637
5920
5921
5922
5923
5924
5925
5926
5927
5928
5929
5930
5931
5932
7105
5934
5935
5936
9604
5938
5939
5940
5941
5942
5943
5944
5945
5946
5947
5948
5949
5950
5382
5952
5953
4812
5955
2629
5610
5958
360
5960
5961
5962
5963
5876
5965
5966
5967
5968
5969
5970
5971
5972
5973
5974
6489
7193
2300
5978
442
178
2830
5982
5983
5984
5985
5986
5987
5988
5989
9417
7494
996
5993
5994
5995
5996
5997
5998
5999
5441
6001
6002
6003
5989
6527
6006
6658
6008
6009
6010
6011
6012
6013
6014
6015
6016
2273
6018
1109
8103
6021
6022
6023
6024
6025
6026
8575
6028
6029
8426
6031
6032
5733
4996
6035
6036
6037
2950
6039
6040
6041
6067
3597
6044
6045
6046
6047
5343
6049
6050
6051
6052
6053
6054
6055
2287
6057
6058
6059
2287
6061
1756
6268
5617
6065
6066
6067
2971
6069
6070
6071
2270
4189
6074
6075
931
9395
877
6079
8368
6081
6082
6083
6084
6085
941
1332
1084
6089
8641
6091
3780
6093
6094
6095
6096
6097
7018
6099
6100
6101
6102
6103
821
6105
6666
9494
6108
5034
6110
6111
6112
8371
6114
8195
6116
6117
6118
6119
9147
6655
6122
6123
6124
9317
6844
6127
4547
1473
6130
6131
6132
6081
8839
6135
8657
6137
6138
2959
6140
6733
6142
6143
6144
6145
4066
6147
9139
6149
6150
6151
6152
6153
6154
6155
3088
6157
6158
7793
6160
6161
6162
6163
2014
4325
6604
6167
6168
6169
1646
6171
4419
6173
8130
6175
1297
6177
9788
7632
6180
6181
6182
6183
6184
6185
6344
6187
6188
6189
6190
3587
6192
142
6194
6195
6196
6197
6198
9675
6797
6763
6202
6203
6204
6205
6206
6207
6208
5909
6971
6211
6212
6213
6214
6215
6216
6217
4092
912
6598
6221
6222
6223
6224
6225
6226
6227
6228
7822
5229
692
6232
6233
9824
6235
6236
6237
6238
6239
6240
6241
6242
6243
6244
6245
6246
6247
6248
6249
4138
6251
6252
1711
728
9570
6256
6257
3909
8470
6260
6261
7530
6263
9944
1178
6266
7385
6104
6269
6270
294
6272
6273
6274
6275
4071
6036
6278
7601
6280
6281
6282
6283
6284
6285
6286
6287
6288
6289
6290
6291
9726
6293
6294
7562
6296
6297
1820
6299
6300
366
6302
4535
6304
6305
6306
3658
184
6309
6310
4010
6312
6313
6314
6315
6316
6317
6318
6319
7080
6321
6322
6323
6324
6325
6326
6327
6328
6329
6330
3418
6332
6333
6334
6335
8976
6337
2719
1019
443
5627
3439
6343
6344
6345
2036
9895
6348
8493
6350
6351
6352
6353
6354
6355
6356
9159
6358
6359
6360
3531
6362
6363
6364
1864
6383
6367
6368
6369
1187
6371
8138
9608
6374
6375
6376
6377
5593
6379
6380
6381
6382
6383
6384
6385
8393
6387
6388
6389
6390
8321
6392
6393
6394
3464
6396
6397
6398
8879
6400
6401
6402
6403
6404
6405
6406
6407
6408
6409
6410
6411
6412
6413
6414
1727
6416
6417
6418
6419
9499
6421
7416
6423
6424
6425
6426
6427
6428
6429
6430
6431
6432
7492
7179
6435
6436
2593
6438
6439
6440
1529
7126
6443
6444
6445
6446
6447
6448
947
6450
6451
6452
6453
6454
5831
6456
2503
6458
3168
6460
6461
6462
6463
4583
6465
6466
2918
6468
6469
6470
6471
6472
6473
6599
6475
6476
6477
6478
6479
163
6481
6482
6483
6484
6485
6486
7858
6488
6489
6490
7458
5296
6493
6494
6495
7482
6497
6266
6499
1670
6501
6502
6503
6504
6505
6506
6507
765
6509
9592
6511
6512
9311
6514
6515
1873
6517
4225
9370
6520
1486
4368
5086
6524
6525
6526
6527
6528
6529
6530
488
6532
6533
6534
6535
6536
6537
6538
4681
6540
6541
6542
6543
1404
6545
6546
6547
6548
5521
6550
6551
6552
6553
6554
6555
6556
6557
6558
2825
6560
6561
6562
6563
6564
94
6566
9664
6568
6569
6570
6571
6572
8558
6574
3662
6576
3154
6578
6579
6580
6581
6582
6583
6584
6585
6586
6587
6588
6589
7944
6591
3112
6593
6594
6595
6596
4396
1451
6088
6600
6601
6602
6603
6604
6605
6606
6607
6608
5267
6610
6611
6612
6613
6614
6615
6616
6617
6618
6619
305
6621
6622
6623
6624
6625
6626
6627
6628
6629
6630
6631
6632
6633
3370
6635
6636
6637
6638
9507
6640
6641
6642
6643
6644
9460
6646
6647
1234
6649
6650
6171
6652
6653
6654
6655
6656
7013
6658
48
6660
6661
6662
6663
6664
6665
6666
6667
6668
6669
6670
6671
6672
8802
6674
4985
6676
5175
6678
6679
6680
6681
6682
6683
1601
3479
6686
1733
6688
6689
6690
2098
6692
6693
6694
6695
3353
7946
5197
6699
6700
6701
6702
10
6704
6906
6706
6707
6708
6709
6710
6711
6712
6713
6714
6715
9719
5792
6718
6719
6720
6721
6722
6723
9946
2201
5427
6727
6728
6729
4102
6731
8482
6733
6734
6735
6736
6737
6737
6739
6740
6741
6742
8636
6744
6745
8283
6747
3251
6749
5133
1640
6752
3364
7993
2857
7782
6757
6758
6759
6760
6761
4809
6763
6764
2246
6766
6767
7626
6769
6770
6771
6772
6773
6774
7347
6776
7637
8032
6779
6780
6781
6782
6783
6784
6785
1818
6787
6788
6789
6790
6791
4824
6793
6794
6795
6796
4528
6798
6799
2494
6801
6802
4796
6804
6805
6806
6807
6808
6809
6810
6811
6812
6813
6814
6815
6816
6817
7235
6819
6820
6821
2401
6823
8436
3613
6826
7614
6828
6829
6619
6831
6832
6833
6834
2723
6836
6837
7304
6839
6840
6841
6842
6843
6844
6845
6846
6847
6848
2004
6850
7621
6852
6853
3113
6855
6856
6857
6858
2564
6860
6861
8496
6863
6864
6865
6866
9784
6868
6869
6870
6871
6872
6873
6874
2931
797
8076
6878
6879
6880
3874
6882
6883
6884
6885
6886
6887
6888
6889
6890
6891
6892
6893
6894
6895
6896
6897
6898
6899
7962
4349
6902
6903
6904
6905
6906
6907
6908
6909
6910
8414
6912
6913
6914
6915
6916
6917
6918
9630
6920
6921
6922
6923
6924
6925
8692
6927
6928
6929
6930
6931
6932
6933
6934
6935
6936
6937
6938
6157
6940
6015
6942
1430
6944
6945
6946
6947
6948
9558
6950
7656
6952
6953
6954
6955
6956
6957
6958
6959
4687
9978
6962
6963
6964
6965
6966
6967
2302
6969
3559
8834
8749
8587
6974
6975
6976
6977
5975
6979
6980
6981
6982
2564
6984
9105
6986
6987
6988
8942
8820
1496
6992
6993
6994
6995
6996
6997
6998
6999
7000
7001
7002
1875
7004
7005
7006
7007
7008
3576
7010
7011
2850
7013
6829
7015
1668
7017
4973
7019
7020
7021
7022
7023
7024
7025
7026
2859
7028
3177
7030
7031
7032
4857
7916
7035
7036
6605
1821
7039
7040
7305
5333
7043
7044
3537
7046
7047
7048
6366
2136
7051
7052
7053
7054
7055
472
7057
7058
7059
7060
7061
1221
7063
3989
7065
7066
1864
8005
6391
7070
7071
4687
7073
7074
7075
7076
7077
7078
7079
7080
6312
6286
7690
7084
7085
7086
7087
4177
2165
106
7091
7092
7093
7094
7095
7096
7097
7098
7099
8256
7101
1237
4795
7104
7105
7106
7107
7108
7109
7110
7111
7112
7113
7114
7115
7116
7117
3975
7119
7120
7121
7122
9770
7553
7125
1734
7127
7128
7129
9636
7131
7132
3421
7134
2852
7136
6096
7138
7139
7140
7141
7142
7143
7144
5205
7146
7147
7148
4719
2971
7151
7152
7153
7154
7155
7156
1175
7158
5035
2702
7161
4828
7163
7164
7165
7166
7167
7168
7169
8250
8641
7172
7173
7174
7175
7176
7177
7178
7179
7180
7181
7182
7183
7184
7185
7186
5812
7188
575
6118
9016
7192
7193
2819
1058
7196
7197
7198
7199
2205
6524
9871
7881
7204
7205
748
7207
7208
7209
7210
2552
7212
4262
7214
7215
6881
7217
7218
7219
1612
7221
7222
7223
7224
7225
7226
7227
7228
7229
5739
7231
2604
1615
7234
7235
7236
3029
3825
6743
7240
7241
3919
7243
2477
7245
920
7247
7248
7249
7250
7251
7252
6006
7254
7255
7256
7257
7574
7259
7260
7261
7262
7263
7264
5818
7266
7267
7268
7269
2500
7271
7272
7273
7274
7275
7276
7277
7278
7279
2913
7281
7282
1887
7284
7285
6142
7287
8413
7289
7290
7291
7292
7293
2450
7295
7296
312
7298
7299
734
7301
7302
7303
9971
1660
7306
7307
2324
7950
7310
7311
8362
7313
7314
7315
3103
7317
7318
3996
3777
654
3583
7323
7324
7325
5508
7188
7328
7329
7330
1278
7332
6932
8081
7335
7336
7337
7338
6041
7340
5219
7342
7343
1213
7345
7346
7347
7348
9379
7350
7351
7352
7353
7354
7355
7356
7357
7358
3149
7360
1126
7362
7363
7364
7365
7366
7367
7368
7369
6772
7371
7372
9062
2789
8766
7376
7377
7378
7379
7380
7381
7382
7383
7384
7385
7386
4385
7388
7645
7390
7391
2146
7393
5301
7395
1151
9338
7398
7399
4883
7401
7402
7403
2236
7405
7406
7407
7408
7409
995
7411
7412
7413
7414
7415
7416
7417
2738
7419
2474
7421
3723
7423
3744
7425
5289
3521
7428
7429
7430
7431
7432
6593
7434
6050
8386
7437
7438
7439
6593
7441
7442
7443
7444
7445
7446
7447
7448
7449
7450
7451
7452
6012
7454
7455
7456
7457
7458
3226
2219
7461
7462
7463
7464
7465
7466
8771
3087
7469
7470
8446
4439
9279
7474
259
7476
7477
7478
7479
7480
455
7634
7483
7484
4037
7486
9980
7488
7489
7490
7491
7492
7493
7494
9837
7496
7809
7498
7499
1340
7501
7502
7503
7504
7505
7506
5350
7508
7509
7510
1115
7512
7513
7514
7515
7516
7517
802
991
6005
7521
7522
7523
7524
1162
7526
7527
7528
7529
7530
7531
7532
7533
3062
7535
7536
7537
286
4098
7540
7541
7542
3148
7544
2596
7546
7547
7548
7549
7550
7551
7552
4572
7554
7555
7556
3780
7558
7559
7560
7561
3428
7563
7564
9947
7213
7567
7568
157
7570
8418
2522
7573
7574
7575
3058
7211
7578
7579
7580
7581
7582
6189
7584
7585
7586
1366
3733
7589
7281
7591
7592
201
7594
1821
7596
9866
7598
7599
5964
7601
7602
7603
3928
7605
7606
7607
9035
7609
7610
7611
7612
7613
7614
7615
6027
4695
1555
7619
7620
6118
866
1412
7624
762
7626
7627
9794
7629
7630
7631
7632
3878
7634
8439
7139
416
7638
7639
8263
7641
7642
7643
7644
7645
7646
7647
7648
7649
3854
183
7652
7653
7654
7655
7656
7657
2067
7659
7660
7661
7662
7188
7664
7166
7666
7667
7668
7669
7670
7671
7672
7673
2676
7675
3379
7677
7678
7679
7680
7453
7682
7683
2026
7685
7686
1011
7688
7689
7690
7691
7692
7693
7694
7695
7696
7697
9517
7699
1839
7701
7702
7703
9391
7705
7706
7707
7708
7709
7710
7711
7712
7713
7714
7715
7716
7717
7718
7719
7720
7721
7722
7723
7724
3652
7726
7727
7728
7729
7730
1274
7732
7733
7734
7735
7736
7737
7738
3264
7740
7741
7619
7743
7744
7745
7746
7747
155
7749
7750
7751
1201
7753
7754
7755
7756
5840
7758
7759
7760
7761
7686
8991
6696
7765
5901
7767
7768
6447
972
3334
7772
7773
5706
1951
7776
8317
7778
7779
7780
7781
7782
8098
858
3157
7786
7787
7788
7789
7790
126
7792
7793
7794
7795
7796
7797
7798
7799
7800
7801
7802
7803
7804
7805
5653
7807
9657
7809
8359
7811
7812
9067
7814
7815
7816
7817
7306
7819
7820
7821
7822
7823
7824
7825
7826
7827
7828
7829
7830
4110
7832
7833
7834
7835
908
7837
7838
7839
7840
7216
7842
7843
7444
7845
7846
820
1021
7849
7850
3136
7852
6039
7854
7855
7856
7857
7858
7859
7860
7861
7862
7994
7864
1237
7866
5164
9072
7869
6386
7871
7872
4547
7874
7875
7876
2808
7878
7879
5389
7881
1713
8254
7884
7885
8679
334
2593
7889
7890
928
7892
7893
8216
7895
7896
7897
3509
7899
7900
7829
7902
7903
6125
7905
3205
216
7908
8848
7910
2071
7912
7913
7914
7915
5494
7917
7918
495
6901
7921
7922
83
7924
7925
5271
2914
7928
7929
3803
4795
7932
7933
9461
7935
7936
7937
3425
7939
9164
4755
7942
7943
7944
4477
9356
7947
7948
7949
7950
7951
1995
3348
7954
6196
7956
7957
3171
7959
7960
7961
7962
4991
7964
7456
5220
4790
7968
7969
7970
7971
6317
1679
8834
7975
8046
7977
7978
1869
7980
7981
7982
7983
2543
7985
7986
1315
3678
7989
2376
7991
7992
7993
7994
7995
7996
4218
7998
7999
5560
8001
8002
1404
8004
8005
8006
8007
8008
4214
8010
8011
8012
8013
8014
8015
540
9530
600
8019
8020
3962
8022
3600
8024
8025
4760
9961
8028
8029
8030
8031
8032
8033
8034
8035
2790
8037
7748
917
8363
8041
2559
5475
8044
8045
8046
8047
8048
7770
8050
8051
5989
8053
8054
8055
8056
8057
8058
8059
8060
8061
4964
1049
8064
8065
107
8067
8068
8069
8070
8071
8072
8073
8074
8075
8076
8077
8078
676
8080
1541
8082
8083
8084
1676
7651
8087
9901
8089
8090
8091
8092
8093
8094
8095
8096
5661
8098
9671
8100
8101
8102
8103
8104
8105
8106
8107
8108
8109
1909
3632
8112
8113
8114
6847
8116
8117
8118
8119
8120
8121
831
8123
5599
6543
8126
8127
1407
5858
7765
1509
8132
5980
8134
8135
8136
6204
8138
6515
468
8141
8142
8143
8144
5287
8146
8147
1445
8149
8150
8151
9064
6663
8154
8155
8156
8157
8158
8159
5733
7114
3834
1975
6601
8165
8166
7082
8168
5697
3993
8171
5705
8173
8174
8175
8176
8177
8178
8926
8180
8181
8182
7005
8184
8185
8186
8187
8188
8189
8190
8191
8192
8193
3423
8195
8196
8197
8198
8199
8200
8201
8202
397
8204
8205
3582
8207
8208
8209
8210
1695
8212
8213
8214
8215
8216
8217
1413
8219
8220
8221
8222
5749
331
3802
8226
8227
8228
3745
8230
8231
8232
8233
8234
8235
8236
8237
8238
6603
9014
8241
8242
8243
8244
8245
8246
8247
2789
8249
8250
8251
5757
7299
8254
8255
8256
4719
8258
8259
8260
6460
8262
8263
8264
8265
8266
8267
8268
8269
8270
8271
1173
8273
5325
8275
8276
8277
8278
4014
4062
9014
8282
8283
5406
8285
8286
8287
8288
8289
8290
8291
8292
3102
8294
8295
8296
9964
281
8299
8300
8301
8302
8303
8304
8305
8306
8307
8308
8309
8310
8311
8312
8313
8314
8315
8316
8317
8318
449
8320
8321
2217
8323
8324
8325
8326
8327
8328
8329
8841
8331
8332
8333
8334
8335
8336
8337
8338
8339
8340
8341
7008
6168
8344
7684
8346
8347
8348
5518
8350
8351
8352
8353
8354
8355
8356
8357
4216
8359
8360
8361
8362
8363
8364
851
8366
231
8368
8369
8370
8371
5360
8373
8374
8375
5444
9624
8378
282
8380
4030
8382
8383
8384
8385
8386
5484
1819
8389
8390
8391
8392
8393
8394
8395
8396
8582
8398
8399
8400
7179
2821
8403
8404
8405
8406
8407
2360
8409
8410
8411
8412
8413
8414
9173
8416
8071
8418
2538
8420
8421
8422
8763
9339
8425
8426
3337
8428
8429
8430
8431
8432
5074
8434
8088
9005
8437
8438
8439
8440
8441
8442
3363
8444
8445
8446
8447
7254
8449
8450
9871
8452
8453
3482
8455
8456
8457
8458
8459
8460
8048
8462
8463
5182
8465
9170
5752
8468
8469
8470
8471
8472
8473
8474
8475
8476
6331
8478
8479
8480
8481
8482
8483
8484
1904
8486
8487
1728
8489
8490
8491
6893
8493
8494
8495
8496
9462
4828
8499
8500
8501
8502
8503
5440
8505
8506
9079
4466
8509
8510
8511
8512
8513
8075
8515
8516
8517
8518
8519
8520
8521
8522
8523
8524
8525
8526
8527
7314
8529
8530
8531
8532
8533
8534
8535
8536
8537
8538
8539
8540
9711
5631
8543
326
1943
8546
1078
6873
8549
8550
8551
8552
8553
8554
8555
5256
8557
8558
8559
8560
8561
8562
8629
7331
8565
4077
8567
8568
2157
8570
8571
8572
3967
8574
8575
8576
8577
8578
8579
8580
8581
8582
8583
8584
8585
8586
185
8976
8589
8590
4491
8592
8593
8594
9322
8596
8597
8598
1840
8600
8601
3308
8603
8604
8605
8606
7295
8608
8609
8610
3260
7816
8613
8614
4939
8616
7313
8618
8619
3544
8621
2067
1675
8624
5446
8626
8627
8628
963
8630
8631
5816
8633
8634
8635
8636
8637
8638
2453
8640
8641
8642
8643
8644
1175
8646
8647
8648
8649
8650
8651
3741
8653
8654
8655
4473
8657
5385
8659
8660
8661
8662
8425
8664
6112
3703
4117
8668
5812
8670
8671
8672
3810
8674
8675
8676
1651
8678
3279
1266
8681
8682
8683
1582
6596
8686
8687
1584
4600
8690
8691
8692
8693
8694
8695
7695
8697
8698
4544
25
8701
8702
8090
8704
3829
8706
8707
4276
8709
8710
8711
8712
8713
8714
8715
8716
8717
8718
477
8720
2826
685
8723
8724
8725
8726
8727
8728
8729
8730
8731
8732
8733
8734
9155
9436
8737
8738
8739
8740
6972
8742
8743
8744
8745
9407
8747
8748
8749
6354
8751
2242
8753
8754
1808
8756
8757
8758
8759
8760
1003
8546
8763
8764
8765
8766
8767
8768
8769
8770
8771
8772
8773
8774
337
8776
8777
8778
6152
8780
8781
8782
8783
8784
8785
1020
8787
8788
8789
8790
8791
8792
8793
6100
8795
6820
8797
5427
8799
8800
8801
8802
8803
8804
8805
8806
8807
8808
8809
8810
5313
8812
367
8814
8815
9115
8817
8818
5354
8820
8821
8822
8823
8868
8471
8826
8827
4575
8829
8830
8831
8832
8833
8429
8835
8836
8837
8838
8839
8840
8841
6833
8843
8844
8845
8846
8847
6076
8849
8850
481
8852
9434
8854
8855
8856
8857
2360
8859
1077
8861
8862
7497
8864
8865
8580
6308
8868
8869
8870
8871
8872
8873
8874
8875
8876
1248
8878
8879
8880
8881
8882
8883
8884
8885
8886
8887
8888
8889
2607
343
8892
8893
8894
8895
8896
8897
5310
273
8900
8901
8902
8903
8904
8905
8906
8907
8908
4512
8910
8911
5895
8913
8914
8915
8916
68
1207
9878
8920
8921
8922
8923
8924
8458
8926
8599
8928
8929
8930
5409
8932
8933
8934
6521
8936
8937
8938
8939
5192
8941
8942
8943
8944
8945
8946
8947
8948
8949
8950
3841
8952
8953
3635
8955
8956
8957
8958
8959
8960
6319
5666
8963
8964
3810
1715
8967
8968
2070
8970
8971
8972
8973
8974
8975
8976
8977
8978
8979
8980
8981
786
8983
8984
8985
8986
5282
8988
7323
8990
8991
8992
8993
8994
6800
8996
8997
8998
3096
9000
3497
9002
4468
9004
9005
9006
9007
9008
9009
9010
9011
9012
9013
5435
9015
7526
9017
9018
9019
9284
1243
9022
9023
9024
9025
5843
9027
9028
4623
1970
9031
9032
9033
9034
9760
9036
9037
9038
6760
1361
9041
9042
9043
9044
9045
9046
9047
9048
9049
5947
9051
6318
1745
9054
3337
9056
9057
9058
9059
773
735
1241
9063
3439
9065
9066
9067
9068
4163
9070
3010
8788
9073
7412
9075
9076
2861
4706
9079
9080
9081
9082
9083
9084
9085
9086
9087
9088
9649
9090
2520
9092
9365
9094
9095
9096
9097
9098
9099
9100
6171
1194
9103
3150
9105
9106
9107
9108
9109
9110
9111
9112
9113
9114
5415
9116
9117
8001
9119
9904
7273
154
9123
9124
9125
6292
9127
8386
2224
2464
9131
9132
9133
4788
9135
9136
9137
6085
9139
9140
9141
647
9143
9144
9145
5291
2380
9148
9149
4145
2440
9152
9153
9154
9155
9156
9157
9158
9159
9516
9161
9162
4665
9164
9165
9166
9167
9168
9169
9170
9171
9172
9173
9174
9175
7338
9177
9178
9179
9180
9181
9182
9183
9184
9185
9186
9187
921
9189
9190
9191
518
9193
9194
5281
9196
6294
9198
9199
9200
9201
9202
5967
9204
4085
9206
9207
9208
9209
9210
9211
5894
9213
1319
9651
9216
9828
9218
9219
9220
814
9222
9223
7063
9225
9226
9227
1018
717
9230
9231
9232
9233
9234
9235
9236
9237
9238
9239
4603
9241
9242
9243
458
9245
9246
9247
9248
986
3953
9251
8149
9253
9254
9255
9256
9257
9258
9259
3056
7196
9262
4630
735
5078
4260
9267
9268
9269
4861
9271
9272
2300
1911
9275
9276
9277
9278
2901
9280
9281
9282
6831
190
9285
5984
9287
9288
9289
9290
9291
9292
9293
9294
4248
9296
1254
9298
9299
9300
9301
9302
9303
9304
9305
436
6623
9308
9309
9310
9311
9312
872
9314
9315
9316
9317
8006
9319
9320
9321
7490
9323
9324
9325
6215
9327
8076
9329
9330
9331
9332
9333
9334
9335
9336
9337
9338
5124
9340
544
9342
9343
1592
3206
9346
9347
9348
9349
6099
4498
9352
783
9354
1151
4154
9357
9358
9359
9360
9361
9362
9363
1210
9365
9366
9367
9368
195
9370
9133
9372
369
9374
9375
8309
1415
9378
9379
9380
5442
9382
9383
9384
9385
9386
9387
9388
9389
9390
3096
9392
6292
9394
9395
9396
9397
9398
9399
2530
9401
9402
9403
58
9405
7999
9407
9408
2546
9410
9411
9412
9413
9414
9415
9416
9417
9418
9419
9420
9421
9422
9423
9424
1492
9426
9427
9428
446
9430
9431
9432
9433
8359
9435
9436
9437
9438
9439
9440
9441
9442
4225
9444
9445
9446
9447
9448
9449
9450
6294
9452
9453
9454
4455
6756
9457
9458
9459
9460
9461
4769
5653
5853
9465
9466
9467
9468
9469
552
9471
3700
9473
9474
496
9476
2428
9478
9479
9480
6025
9482
9483
9484
9485
9486
8128
9488
9489
9490
9491
9492
9493
9494
9495
6242
3615
9498
9499
9500
9501
9502
2796
2882
9505
8575
7342
9508
9509
9510
9511
9512
9513
9514
9515
9516
9558
9518
9519
9520
9521
9522
7781
9524
9525
9526
9527
2674
9529
9530
6755
506
9533
9534
5634
8464
9537
9538
9539
9540
9541
9542
9543
9544
9545
3517
9547
270
9549
9550
1321
9552
2726
9554
9555
9556
5623
2145
5772
9560
9561
7875
9563
2434
9565
9566
6443
9568
9569
9570
9571
9572
5013
9574
9575
9576
9577
731
4472
9580
9581
9582
9583
1047
9585
9586
9587
9588
9589
9590
2388
9592
4459
9594
9595
9596
4327
5277
9599
728
9601
9602
9603
9604
8514
5516
9607
9608
9609
9610
9611
2757
9613
9614
9615
9616
9617
9618
9619
9620
9621
9622
9623
9624
8853
9626
9627
9628
7627
9630
8623
9632
9633
9634
703
9636
9637
9638
9639
9640
9641
9642
2345
3106
1301
4125
9647
38
9649
9650
9651
8589
9653
9654
9655
9656
9657
5803
9659
9660
9661
4188
9663
9664
9665
9666
2551
9668
9669
7240
5137
9672
9673
9674
9675
9676
4057
9678
1588
9680
9681
9682
9683
9684
9685
7078
7004
9688
8058
9690
9691
9692
9693
9694
9695
6589
9697
843
9699
9700
9701
9702
9703
9704
7310
9706
9707
7264
9192
6161
9711
9712
9713
9714
9715
6515
9717
8088
9660
9720
9721
9722
6836
9724
9725
9726
9727
9728
9729
9730
164
9732
9733
9734
7835
9736
9737
9738
9739
160
6421
9742
9743
9744
9279
9746
9747
1118
9749
9750
9751
5075
1868
2123
7937
9756
9757
9758
9759
9760
9761
9762
9763
9764
1421
9766
9767
9768
4321
9770
9771
49
9773
9774
9775
9776
9777
5633
9779
9780
9781
9629
4182
9784
9785
7217
9787
9788
9789
9790
9791
9792
9793
1593
9795
9494
9797
9798
9799
9306
9801
9802
9803
9804
9805
9806
9807
6789
9809
9810
9811
9812
9813
2984
9815
9816
9817
9818
9819
9820
9821
9822
2408
8066
9825
9826
9827
9828
6727
9830
9831
9832
8520
9834
8502
9836
9837
9838
9839
9840
9841
9842
9843
9844
9845
9846
9847
9848
9849
9850
9851
9852
9853
9854
9855
8388
9857
9858
9859
9860
9861
9862
8140
3152
9865
9866
9867
8462
9869
9870
829
9872
9873
9874
6577
9876
9877
9878
9879
9880
9881
9882
3244
9884
2500
9886
3724
9888
9889
9890
9891
9892
9893
9894
9895
9896
1255
9898
9899
1708
4970
9902
5553
9904
9905
9906
9907
9908
8254
9910
9911
9912
7330
7136
3030
9916
9917
9918
1231
5095
4084
2896
9923
7198
9925
9926
9927
9928
6875
9930
9931
9932
6093
9934
1436
5616
7736
9938
3659
9940
7398
9942
9943
9944
9945
9946
9947
9948
9949
9950
9951
5322
9482
9954
9955
9956
9957
9958
9959
8153
9961
9962
9963
5587
3254
9966
8985
3627
9969
9970
9971
9972
9973
9974
9975
6089
9977
9978
8807
2353
9981
9982
4169
9984
9985
9986
9987
9988
6483
9990
9991
3589
741
9994
5424
9614
9997
7535
9999
9820
