1
297
776
4
5
6
7
241
9
10
11
12
13
14
15
834
17
18
933
20
21
22
23
24
274
26
27
28
29
30
31
32
33
34
35
700
37
38
779
40
41
42
453
44
45
46
47
48
49
630
942
52
818
159
55
56
57
58
59
60
61
62
63
691
92
877
67
68
69
70
71
72
73
74
75
674
77
78
79
80
81
82
83
87
85
86
87
88
89
90
91
92
93
94
95
96
97
98
99
100
937
102
103
104
105
106
412
108
396
110
599
55
113
114
115
116
201
118
119
120
121
122
123
124
378
247
127
128
44
130
131
464
133
134
135
136
137
138
139
251
141
299
143
144
145
171
459
148
149
150
151
152
304
154
155
156
157
158
159
903
161
162
163
500
165
166
167
168
469
298
37
562
844
174
175
176
177
178
179
14
181
182
486
184
185
186
187
698
189
190
191
192
193
194
195
401
197
198
199
200
201
202
203
118
205
160
207
35
371
210
211
52
213
214
215
216
217
218
219
220
221
222
223
224
225
226
422
228
229
230
231
862
233
145
235
236
237
238
583
1
241
242
243
244
245
246
576
248
249
250
251
252
253
254
255
256
257
258
259
431
261
262
263
264
659
266
267
268
602
270
271
272
273
274
164
903
68
278
279
280
331
340
690
284
285
286
287
183
289
290
291
292
293
294
295
296
297
283
299
300
250
858
303
721
305
978
307
355
309
310
311
394
313
314
315
49
317
316
719
576
321
322
323
324
401
326
913
328
329
330
331
332
857
988
335
96
337
371
105
340
341
315
343
344
345
346
347
348
349
350
351
352
353
354
355
356
357
358
359
360
601
362
363
285
365
16
367
368
347
572
371
372
373
374
375
376
377
378
379
380
381
382
383
384
385
386
387
388
389
470
391
392
393
702
395
396
834
398
399
400
620
402
403
404
197
354
407
464
409
410
411
412
413
414
415
416
855
418
419
420
456
422
423
424
668
426
434
428
829
430
431
432
433
434
435
436
437
438
439
440
666
442
443
444
445
446
447
448
449
450
451
452
453
454
455
456
457
57
459
460
892
150
463
464
465
466
467
468
469
974
471
472
473
474
475
476
477
36
479
948
481
482
74
484
485
486
687
488
489
490
491
492
493
201
495
496
497
498
499
500
501
391
503
504
505
595
592
508
509
693
511
512
513
514
515
516
517
518
565
520
521
522
523
524
525
526
127
528
529
693
531
545
533
361
165
536
537
538
183
596
995
203
543
544
545
546
547
245
694
550
551
102
445
554
1
706
557
558
926
560
153
562
563
564
565
566
567
568
569
570
571
572
40
574
30
576
387
121
579
233
581
582
583
528
585
586
587
588
589
590
591
592
593
594
595
596
597
598
599
291
601
602
382
604
998
606
607
608
609
926
269
567
613
614
615
616
640
38
619
620
81
559
631
624
625
626
627
628
629
495
631
879
633
634
859
636
637
259
639
640
376
642
643
317
645
646
100
186
649
170
651
652
653
654
655
636
975
658
521
660
330
662
663
664
341
666
667
16
669
670
671
672
673
674
675
676
677
899
570
850
681
682
683
684
685
686
687
688
689
690
691
692
693
694
695
616
647
652
699
230
701
702
703
704
705
602
337
708
709
710
711
620
713
714
715
716
717
236
719
720
721
469
723
724
725
491
727
730
729
730
775
540
733
734
735
736
737
738
739
740
741
782
743
187
745
746
747
748
749
750
751
752
753
754
755
756
757
758
759
760
761
762
717
764
765
406
767
768
139
770
771
772
773
774
775
776
777
778
779
780
781
783
783
784
492
786
787
845
789
388
791
792
793
794
795
708
797
798
366
800
364
802
762
804
1
806
807
55
809
810
724
812
813
814
409
816
938
818
819
820
821
822
823
824
952
826
827
828
829
315
831
832
833
834
835
836
790
838
839
577
841
842
392
844
845
993
521
848
849
850
851
852
207
260
493
856
739
858
859
860
861
862
863
864
865
866
867
868
869
870
871
295
873
874
100
876
877
878
879
880
881
878
883
884
885
129
887
880
889
890
154
892
893
894
895
896
897
898
881
115
901
902
190
209
905
906
907
908
909
910
911
196
778
914
915
916
552
918
919
965
460
922
680
530
428
926
194
928
929
930
718
932
933
422
935
192
937
938
922
940
941
942
943
608
945
946
947
948
949
950
31
952
953
954
955
956
556
98
959
960
961
962
963
964
485
966
231
968
969
970
971
972
973
974
182
976
977
98
979
980
981
982
983
984
985
856
987
988
989
699
429
74
993
994
995
996
997
998
328
16
