612
5183
3617
1696
8536
4577
1338
9707
56
8808
4432
3260
8694
4510
8348
1369
7784
1534
6975
4470
3146
9234
3327
3967
7681
4923
4660
265
9752
5530
3187
3648
9031
3575
1260
8638
6317
9541
5379
4125
4835
4397
1712
5478
9377
2641
9108
2494
3248
5126
7692
6732
8688
1370
819
7053
5953
370
5191
5744
5430
4991
859
6302
6573
9370
4299
7170
4122
6578
7487
6183
835
4016
4316
9327
8465
1132
9318
3644
4075
9992
1208
3853
8219
2927
9356
7308
882
899
9483
1630
5056
2112
9394
2532
6328
8364
4880
5632
8398
2924
6808
3788
5789
319
1486
1965
1994
7846
593
507
5740
8857
3263
8364
3270
611
8519
8936
5383
3603
3695
5549
5602
9427
5653
9698
8198
1405
7429
4925
8694
8530
3103
4552
8155
9891
196
4931
7075
2483
3188
8744
6845
9173
5675
76
1669
8425
82
1621
6017
6000
7231
5700
6577
6247
5050
5316
9999
7605
387
3534
7365
5801
1389
6790
6161
3206
7300
9142
5492
726
7471
7390
7084
7600
2563
9172
584
1239
7632
7623
6402
196
5726
9164
1641
5617
140
5769
6853
4903
3298
9002
1707
1556
2703
8394
2284
298
4374
2678
6069
8277
9316
9342
8002
555
8494
8855
9151
4462
4806
6912
2718
4763
6753
5325
8993
6276
7857
5986
5856
8417
230
3542
8777
9003
9275
2025
2846
3788
7541
732
252
4140
3461
8921
5577
3320
1246
1548
9786
1825
2393
843
2045
7129
9041
6573
8128
7527
5565
657
7002
4805
8388
6577
7482
2364
9180
4584
7101
1875
6879
3882
7637
9656
2332
7722
8923
4939
4395
5312
4286
9364
5202
494
5116
9722
4979
8306
878
1499
8183
8975
8397
5109
8893
9461
8093
4065
9166
9535
4296
4872
1566
7519
5251
8301
7197
9912
1342
8665
1237
5718
5617
9766
4099
7958
8578
1840
5600
4111
1934
19
4457
8421
7088
4084
7058
9458
5996
6541
8446
3553
5522
6847
1560
622
7603
5706
3863
232
2165
2275
4402
1325
5017
7668
1184
7539
6939
1817
4731
9728
6557
4957
9500
6499
5699
2188
3904
3276
4039
3618
9529
5584
3423
7934
9596
6506
8553
8917
7966
6920
3234
9580
1184
288
9465
408
8989
2334
858
2333
9378
1951
4099
3978
4244
5160
9193
2936
4776
731
37
3478
9791
3837
9355
1406
6927
7559
1195
8927
1191
7903
2688
2487
9602
6361
2154
561
8392
1502
3701
5036
8316
1830
2254
1212
6450
3427
160
54
9454
7043
7470
6169
8119
9204
4943
3051
7621
6401
4953
7825
242
6008
7597
7540
5914
5327
3435
427
9413
7107
8571
9679
7036
8208
305
8153
9949
6480
460
2147
4621
3712
1493
2785
1106
7339
6097
5336
6691
4283
5719
1931
4783
9742
6410
8815
4833
6811
3204
1542
5522
1659
8351
5281
501
5164
4637
9803
3407
766
329
5999
6532
2240
6700
2990
3720
7319
3202
5117
9672
3657
317
318
4341
9282
3692
7064
5172
6146
5900
2678
5116
900
6904
2160
1367
6799
8032
3951
1496
3630
1372
8338
130
3886
9531
3924
2470
722
5725
9811
9709
6796
1763
6803
5976
3657
2332
6281
2362
2534
5038
171
8609
7944
940
5227
7261
6854
1938
9101
4423
4227
3331
5661
667
2441
4210
904
5648
2697
5927
5610
5779
1913
1461
1460
7232
8967
3631
5050
9372
1209
2881
9888
5603
4269
9546
7532
9780
8039
6015
4180
4568
8612
3851
5680
8002
6240
9878
1066
7017
7366
2860
1635
7101
1647
5830
6429
6292
5600
5784
5782
4171
8650
1053
4212
4722
6304
3430
6192
4287
3263
1561
2435
2300
2842
2864
1256
5283
7465
2234
7407
8651
244
6228
3106
368
6154
7551
3653
9993
5575
6300
3529
6231
9684
5116
1463
3282
3048
5895
1922
3078
8337
1180
6644
2280
7751
1101
3920
837
2748
6220
175
1636
4557
4683
7279
540
4355
6298
3096
3845
5629
8348
7237
2795
1328
3538
176
7458
1351
7710
8282
93
5091
417
663
6923
8329
3713
7157
9914
5426
4871
450
940
9601
5151
9365
1141
7656
5252
4613
6971
8016
5785
5359
7965
6456
4990
8740
872
5801
10000
9565
3796
1172
3535
9725
3333
2340
7400
3464
7428
6984
1731
7071
8275
2196
8912
613
1318
6354
1669
5202
7916
8599
2368
1367
9412
8866
562
1349
8270
9317
5853
751
3694
6989
8411
3009
6576
8589
1258
4681
1532
3644
2766
2018
9561
7548
6392
1928
4159
7786
6206
4598
5160
2459
7152
9107
5181
9718
9947
9586
6716
6330
1580
4556
4503
56
1182
6283
3192
5876
122
4718
789
8975
7380
3763
969
8532
3459
5068
8220
4181
6699
4662
2659
4123
4458
9108
7952
1378
6313
9027
8446
288
4688
1380
6579
2791
5963
4698
7425
2472
2363
2061
159
9949
7997
948
5327
4778
1041
3246
2251
1822
4726
7060
8684
3160
6259
6850
67
9173
7103
1389
4433
3029
7926
9928
380
4951
9041
7060
560
2817
3914
3586
6761
8349
2806
4193
5767
5240
458
1822
8450
4754
4229
9806
1557
100
3089
8185
1281
4669
6261
3077
4951
3954
2489
5146
5838
3129
4720
1786
5534
2399
6226
5890
7806
100
4392
1911
5459
2334
7228
119
2150
7820
3611
745
7174
9306
2143
7813
6254
3033
2593
7084
3883
7479
9263
3982
1163
4361
1840
9658
4063
5257
9371
6459
4298
1045
2967
1257
2668
4707
2217
8451
3574
6551
6714
8105
6833
3909
5046
590
3351
4142
303
562
3012
4251
1497
2191
6654
3816
1396
6846
8443
8999
9610
9784
7552
8826
7153
7348
7053
6573
9569
3574
7395
2152
4573
6409
2507
6554
6465
2536
7068
259
26
4529
6865
9745
3589
4110
4608
327
2580
7000
2443
8152
8202
6415
848
6020
1448
332
6102
8489
3181
7816
3371
5868
3245
7844
16
6756
2512
4822
2785
422
9760
6762
7871
8089
6516
5355
8021
6569
9470
1585
9375
2284
3268
5358
1556
654
2429
9397
7862
2823
3882
6940
5767
6807
6431
5729
2659
1057
7642
402
7070
2757
7029
6163
2408
6835
9735
6417
2741
816
4077
2556
7273
9627
1376
5402
3748
9246
2265
3820
4758
561
6447
293
265
4015
9553
7472
4528
2319
9048
9096
9413
6095
3164
8573
5718
1292
8392
8310
5036
869
5813
2011
9669
8997
943
4222
2047
4879
4796
412
5471
4535
1426
9677
9843
6523
2320
8647
3482
6443
3374
6139
9000
9255
6734
2985
8648
4527
14
723
2741
4874
9286
2990
556
4061
3819
1186
1597
5234
8846
8668
5470
59
6545
9965
6450
4241
7402
6268
9907
1496
3712
2733
817
436
6937
4640
5013
5339
9388
2469
9483
6087
5531
9234
6877
4772
7459
4536
1994
1797
5770
3037
771
2637
5975
957
6500
7721
2984
5158
8115
6145
1081
506
3956
1557
4255
313
1993
8466
518
9114
4495
8747
2138
24
4085
5117
8832
9071
10
8817
436
3438
2156
4624
373
288
6677
4890
6535
7928
9035
8929
1618
2542
8766
1126
9284
183
6137
4242
6009
3818
1157
7930
2086
2006
8209
7989
7861
7045
3218
2618
2740
5446
9151
594
9481
6050
4529
8353
547
4174
3412
2117
3775
5884
4821
9346
660
2533
6696
262
2611
5432
7199
9113
3300
7126
4188
7099
7416
1756
8966
9781
3779
6521
235
5705
175
3787
6955
7573
1005
7420
9958
1416
8832
6387
5749
5306
7956
4366
482
8528
1561
9487
6156
7619
5207
1908
4404
300
5493
505
9495
7148
6900
9362
6898
1619
6520
9052
361
8442
4566
6908
6050
6445
4255
6260
9042
8510
3497
1184
2845
1810
8498
2730
8318
3912
9154
4854
4218
8258
4521
8160
3092
332
7478
9770
6792
3375
1092
259
2176
9775
1276
5298
6071
5420
3957
1233
2269
4289
6192
4265
6500
4522
2953
1383
2148
8635
9243
6780
7842
9237
64
7717
9851
5231
4831
6318
5158
5498
5210
1651
2659
784
2486
4689
2722
7407
6054
8540
5478
4474
7203
533
5474
7117
7986
4379
9962
2059
8164
4891
9533
9927
1297
3250
693
5575
9124
2735
2436
8433
3122
2110
7726
6261
4112
3818
6220
5109
1142
78
9439
4308
7901
993
6552
978
6724
2193
9103
3294
3628
9410
9553
1408
608
2608
5686
2077
5182
918
9944
1019
6021
7106
3943
2053
6099
2988
2469
6710
2103
1983
9990
2242
2935
350
3442
9687
6535
5379
7975
4562
654
3470
9345
1832
4949
4388
6566
1473
2810
2739
8471
6004
8759
793
1231
5283
7270
8501
8716
8743
6937
4549
4242
7384
7120
9441
2478
6864
399
3023
4897
6048
9052
4603
4559
5731
8546
7641
8461
7020
7107
7814
2787
1665
4760
6201
8238
2118
5853
8188
8163
5273
5103
6166
9414
6040
2222
1073
2198
5202
3410
9668
3383
9301
3695
4551
2047
9526
2403
2987
1231
8478
5787
9695
8235
4027
8099
6374
2346
5868
5779
3359
3813
1191
5689
1863
5453
6371
742
5390
5254
1717
3729
16
6971
2345
2187
5754
4794
7636
4187
6135
7411
9516
5150
1386
8763
819
4603
3674
6524
3051
1628
2045
9970
6234
8911
5632
2581
5773
6991
6385
8320
9529
5839
6296
7946
7158
5626
5287
3854
4463
5627
726
298
2219
708
5158
6036
9035
119
6653
9554
3825
9404
8753
1863
9767
1935
1344
2426
4346
9709
6644
9384
3014
5147
3004
1647
560
5098
3870
1433
3414
1084
5456
6473
3146
9652
761
7778
4631
3319
2031
746
3752
3073
73
9304
4337
9304
8527
8391
9523
2006
7270
5631
6066
3418
6785
6026
7796
9407
5238
1016
1828
4762
289
2753
8501
7631
4389
7231
8246
3078
2810
5909
1469
6021
1496
7263
2909
7795
1798
7414
3835
1137
9216
753
2124
9378
2867
1237
8591
2496
7571
9985
1907
254
1501
1102
461
9474
6851
2201
6503
4217
6919
4903
1104
1273
4944
8027
2029
3628
3951
1356
6614
5802
9004
2414
8835
754
8610
3551
5263
3569
5640
816
86
307
9837
7273
7941
2428
4748
8960
9280
2357
33
9887
6204
7154
3472
8689
1555
5775
8297
7411
3703
5612
2332
6194
6820
9840
5916
8150
7568
5134
9929
2142
9370
711
1864
3317
9706
5255
3298
1139
5405
4783
5878
7505
8079
7642
5013
1833
3833
679
8986
8121
7542
8800
5816
5763
7383
4405
6636
5716
4533
2226
7090
2229
1674
7729
4511
1598
7946
8979
1604
7270
4018
5606
1371
7479
2858
652
2157
5066
9216
3122
1499
888
594
5407
8326
878
7875
9703
8641
5044
7911
2838
6735
9963
4285
4356
9020
5873
5276
8349
7818
2084
7214
4081
2196
7989
4
1528
1871
7924
82
4749
1722
3688
6332
6301
2856
8843
9865
7516
938
4857
1396
4495
3369
8550
9359
9406
8987
2154
6798
3511
8826
5696
4443
9246
2514
6841
1224
7227
4674
1640
8427
7397
2983
3768
7009
3935
5481
534
3841
142
1189
3900
48
2030
3519
9856
8137
5849
7148
5806
2283
6459
7356
9066
9425
8506
5633
7778
9134
257
8193
4608
6543
3988
4472
3701
8293
8745
1585
9671
955
4370
6661
3400
838
1695
9633
5075
6422
9321
1092
2485
7520
2776
3769
8791
9874
298
4458
3972
1460
6286
2258
2295
6332
9134
376
3988
860
4284
47
9262
8544
1105
225
3234
9549
7353
6109
301
8101
9233
3996
6511
8145
2107
5438
1424
7533
8926
5104
240
9361
935
7890
3808
5755
7518
1922
5654
3493
4343
9776
6381
5289
9134
2937
2901
4921
5887
6959
8090
6362
652
697
2290
9559
6668
9653
750
4373
2873
2836
2835
7965
9543
5517
945
2491
7335
9671
7943
5598
6055
6343
9606
1353
3986
5068
6082
2174
115
2458
6759
7808
2925
6901
3582
4828
9695
7513
1617
6060
7279
7706
2226
5312
1800
1508
4208
8453
3565
246
2656
5823
1817
5930
9159
3402
6694
4029
7674
6450
8031
6927
7361
7644
5902
7616
3051
1429
2622
253
7693
4600
5771
2349
3074
1470
767
7122
8023
1056
6118
1584
3215
7508
1450
6020
3081
112
3751
2365
4984
1583
2836
5605
8911
5476
6879
2818
4322
9789
3762
685
3733
7851
2066
3577
4228
6274
3033
213
985
129
1657
2791
8
3745
1161
2440
2168
4577
6877
1018
7740
6552
8718
1177
3671
4540
8413
1342
6233
2669
8852
334
9488
7938
4933
140
7175
8217
6393
1201
5926
1538
6645
1588
5062
4734
1432
7292
2419
8129
4678
2001
4323
3941
9875
5491
3557
3844
7412
2825
1367
4739
6900
7474
2521
7342
3989
3301
1352
561
5912
8260
3965
5339
2526
3092
1322
8043
4155
1551
9293
1482
4976
5422
3889
9701
912
5638
8538
9534
3859
2848
9914
1168
9442
1239
6927
9005
7228
1351
2997
8366
3507
6064
7204
187
1982
7518
281
1693
5463
7771
9928
7166
585
8031
4148
3472
3034
3387
4515
1266
2493
3369
3393
4265
4787
7615
4978
7218
4762
7089
8297
4136
8501
5034
8985
5318
886
2340
5334
8780
9889
4738
3330
9740
1411
8906
1034
5181
6232
2049
5124
4483
6994
1793
3105
2644
201
6044
2430
3078
2778
3769
286
1475
2400
6987
382
1880
2395
5004
3106
3912
2015
747
2904
7720
1847
4502
7883
4907
9082
1861
8657
5075
5695
7073
7951
9943
2657
858
7752
6587
2151
4704
1610
9172
8523
4783
7731
1246
5792
7281
2585
7553
7392
1778
1823
9283
2192
1895
3341
9707
3626
4137
2113
8999
2228
4670
3356
8716
806
9497
5177
7168
355
649
7306
2940
1612
480
4792
1352
529
1282
5602
275
4987
8477
8985
8498
1002
4053
1829
5659
5411
8611
2481
2561
8444
3275
2382
28
4657
3694
7743
6879
8985
9432
8483
9226
4918
8022
2062
2016
2881
6701
7986
4539
74
4253
3553
1199
2935
5678
7991
8535
9314
8731
7050
790
3411
3268
4604
469
2181
5297
1937
4393
6247
5962
7443
942
5904
6729
6910
5761
7483
2820
3006
8629
8851
7020
6784
4499
5974
630
5456
1183
7970
6683
2795
496
2071
54
9580
8196
171
6068
570
4849
4476
1376
8019
4319
4306
5098
5579
3016
1446
320
3092
9324
5176
9886
474
7464
857
1348
1780
2864
9664
3920
7050
2728
5894
3835
1447
5307
7025
4418
4052
815
6522
2444
7096
8759
9532
1612
2846
5081
7047
9291
62
2025
3501
6242
8632
9551
6366
6159
6025
4111
2448
3266
5979
2642
9947
5094
5440
5863
387
4066
3390
8776
4879
9796
2627
8779
3258
193
8931
3406
6380
6281
5304
7068
3759
8843
4669
5931
1948
201
1319
3104
8144
7909
5151
8398
1235
6102
3659
9032
6177
3616
5278
5247
9924
6234
9186
6674
1077
3477
9764
9426
4829
8632
1265
5830
5569
6452
8290
5792
2069
9399
6050
7750
8976
3546
3483
9369
1879
1541
7223
8361
4366
8485
1846
3904
1999
4761
6875
6640
230
4168
4348
5247
5006
9609
671
6464
9006
8693
5456
6481
5108
1312
9881
9784
6709
7868
5504
2941
7714
2002
8072
9098
614
2482
7093
9614
7610
7337
9521
307
1579
7382
8070
6332
9450
4762
7858
2494
2286
1377
4547
5237
5763
6208
9713
3665
1614
7132
5453
9032
297
8647
221
7984
29
3793
5860
2640
8231
7335
4589
1416
2571
8748
3272
9252
6519
2404
7795
7923
6128
9968
7573
3863
6446
5197
9136
3160
9140
9721
2372
925
8124
5167
3767
7240
7889
4298
3015
262
314
7061
4721
8340
4196
5372
2731
5591
188
3595
8130
696
3124
1740
508
697
731
9578
3614
4957
5166
5768
1950
9679
7438
7208
7368
5604
1970
5536
8968
9559
9717
6872
2565
2569
2014
5993
5629
8867
9556
4207
945
9251
4197
6936
3912
4156
3687
5181
5039
6866
2101
1386
3325
8222
352
8810
732
9014
8165
7435
5172
3280
2126
8967
8110
3384
69
596
3606
1500
7824
4430
6072
7509
7694
662
2658
1035
3913
5583
9976
2381
8524
9813
1408
7778
6169
2079
9414
3849
7679
1417
7062
3606
5942
6251
2071
531
7697
9538
8882
7172
4243
9659
9794
3952
1750
8198
9609
2132
5607
7460
6243
1619
83
6201
2669
5230
412
1950
7298
7591
3507
1079
6028
3680
5938
8375
1379
5217
8448
3830
9987
9226
2083
9507
3809
598
6221
2605
423
3232
8035
7128
4450
11
2419
1738
7010
1562
1577
5399
6304
3211
506
4887
9533
8661
8358
6492
6816
7616
1763
2937
8513
6478
8781
4627
7922
8195
4254
4078
8832
7241
4622
7711
8310
2318
8163
9737
5550
7957
3639
5930
4973
8996
7691
8702
2150
9366
9738
2744
7486
3987
7364
5086
6328
4400
7918
1857
8770
4476
4469
4203
3155
5610
2388
3920
5906
8552
8198
5605
40
5133
8442
4259
2427
9761
9256
3794
1688
9102
9553
9390
1311
7988
3530
5337
3838
5010
3536
7564
8843
3099
9226
6650
3763
7080
7554
4538
8209
72
6885
717
4219
1714
3279
4200
2258
7417
7805
7256
876
518
2163
6273
5494
2912
3009
7478
2502
3969
6800
9897
3389
1628
4396
8873
2515
3022
3540
8376
2256
558
2939
1400
2638
793
7310
8484
7179
100
6611
8527
9819
4665
602
9381
7358
7956
298
8948
6906
4009
1975
5283
213
9402
6234
2158
7314
6000
122
1181
1037
1923
4015
8589
3737
3661
4393
5012
4235
2367
1953
2686
3623
9111
4755
5931
3822
8349
5291
2496
3729
1672
4042
6405
4503
4008
6792
9856
9045
6447
3993
3334
5191
5726
4391
1671
653
1250
3058
8765
1880
4799
3109
8732
5931
5653
1680
5965
2653
384
6698
3372
9138
5190
9194
8445
5608
5636
9998
9239
4791
6618
8013
3680
2025
8577
8468
3027
9490
7357
7054
7809
4993
3244
3753
7853
6120
3529
1394
306
5344
1035
6257
5923
4397
795
31
4113
9007
6261
7535
88
4433
5354
4175
7489
3490
3402
9519
1692
375
8386
9142
9033
9902
9405
8759
5696
3866
6110
6523
9695
804
5782
8184
9604
3735
334
7899
675
5976
1236
1131
550
8168
5732
1623
948
5520
5392
6232
4585
5664
7875
1304
9928
7863
3594
5545
226
548
1754
6972
595
2007
4113
9311
9132
7488
5819
681
197
5123
7903
7104
8313
6039
8547
458
2590
9813
955
8847
9900
6050
4021
8840
5919
731
3843
8285
9737
7203
1347
8487
3723
232
8834
490
4104
6819
4196
8934
2633
7444
667
2653
9795
7319
7504
1637
5715
8555
5258
32
1703
468
6698
618
2613
4922
3627
8046
8958
2703
5190
2085
3744
4236
7452
7786
8929
2365
9462
9302
6658
310
1668
5052
6913
8595
2137
8720
7758
2881
3514
6836
4314
4117
3370
1974
9658
6956
3309
4063
9493
726
3227
9434
559
3306
2370
7221
7288
1756
8652
6790
6793
2363
4593
1493
50
4790
583
9599
2890
2072
9454
7676
8581
1047
3515
710
853
2934
7811
8703
7632
8226
9886
2330
4573
1509
3240
8666
3112
4303
9508
7947
9621
1181
9456
7432
8983
1336
7195
4023
2187
3967
908
4571
8004
7632
8998
5327
3027
1556
7628
3381
8357
3319
8957
2516
301
4282
4583
1012
2834
3957
2455
7320
5739
7651
5284
5606
9601
6541
4053
2486
6855
4549
3634
2175
6259
1220
4852
462
1306
5292
3584
2483
3402
3583
6110
9111
9571
589
1062
7695
622
299
5201
7277
2722
4217
7855
2683
272
9416
2099
2009
8774
7043
4519
5925
5085
7298
6479
5023
9884
4208
6273
6956
6169
8846
9199
3023
8668
2525
2305
4377
5904
3745
2665
5575
3785
7214
3266
326
7464
7518
1500
7753
9427
5695
7947
2044
3011
4506
7404
8070
6604
3477
319
3309
2306
7152
3159
2808
2603
3213
3194
2834
1516
2387
926
3697
8608
9232
1222
9175
3197
5129
7021
2748
7929
1210
6400
2582
9888
7060
307
425
82
4938
9963
2529
1020
1217
6205
3981
9179
8066
1613
2078
6855
2794
8425
5544
1760
5537
2619
8735
9191
2654
6644
5065
2207
6840
1726
7231
9493
4545
1558
2405
7585
5061
8313
3948
2852
4930
9749
5063
4842
9627
2165
4819
6208
3617
372
2709
364
3220
4612
2840
7922
121
1556
8611
4393
6672
7415
9699
8981
8065
1498
7497
1677
8865
5167
4898
1391
6715
8357
4696
635
5058
7349
1386
2462
6292
2471
141
2803
3084
8822
4830
2804
7855
4763
7172
6177
133
5675
5511
3151
4798
5971
4411
5187
1329
5124
6658
2737
7265
7744
6611
6220
4095
3496
9836
8412
6322
275
2264
9466
2302
1428
318
2124
9614
8664
809
9222
6093
5495
5870
7354
8873
7646
7038
6563
9329
7546
9684
9408
4825
7549
2811
7755
5424
3773
3514
7861
1599
5378
7790
6107
5255
2523
2328
2350
5916
604
7809
9890
3006
7227
6162
136
2788
1046
2960
2994
8668
5293
5241
7135
8470
8193
8144
7309
6099
8818
3345
2913
2405
398
2436
427
7166
2281
8032
4656
6981
9732
4432
2284
1354
2027
9722
3144
2088
573
3182
1814
819
3973
8184
3293
480
9395
6677
7760
8305
8889
327
1334
4504
7119
9058
6408
2907
5782
2168
8782
9770
804
2468
5099
9135
3660
2710
5783
7063
7849
4349
4973
2370
5903
9409
2528
1549
7422
2683
8174
7335
6266
7639
8845
5576
6948
7754
6015
8791
1821
4810
6645
3406
7488
8527
5852
1750
7731
6573
9597
4585
1903
6627
6350
4707
2028
576
2169
9214
3052
4243
1441
1900
7708
6553
7653
2690
5101
4340
6516
6213
4560
900
3386
4227
1291
6434
9596
5316
203
3001
3262
8682
6961
5390
4980
6162
9666
8195
6044
2855
797
7531
6084
13
1745
5679
7980
9196
6155
7974
328
9351
4000
8061
5258
7264
7887
3346
5272
3699
7221
3435
9723
3299
1852
9966
2523
3475
6526
6484
6361
997
9580
2401
610
3785
5487
2254
6085
8306
3615
5347
3298
5740
8106
619
462
8462
7367
9855
2750
6765
1238
6766
5541
3634
8228
2907
8125
5261
6395
1875
5523
9744
4426
852
5671
7460
5321
7925
6005
7672
2025
291
733
4413
8053
279
3129
9115
349
6801
1984
360
263
6216
5725
8257
9348
6900
27
6504
7099
2446
5848
8868
4623
7905
3685
1718
8281
1828
9508
3544
2777
4594
4100
5212
5176
633
5270
1255
8243
8725
8979
9945
9084
2080
7962
6468
3320
2504
2724
8005
8043
9631
5463
336
9092
2957
6677
5985
7362
4667
6471
9487
5561
6577
5321
6694
4068
4914
4744
1765
9795
5036
8990
994
6349
9611
3186
1122
2030
8989
3201
1698
1815
1836
2101
4990
8343
849
299
6162
1655
8667
1257
3990
182
1272
2787
2657
4581
5561
4357
9186
5642
3124
8434
3233
8896
6309
1496
2723
4854
2536
3424
7769
5070
2912
7390
5488
9174
425
5674
579
5787
627
7158
2757
8475
8881
5928
2643
3885
4079
3808
5844
5117
1567
625
5407
3867
5308
2706
2369
2821
8587
1527
2984
3008
7612
4623
1597
9239
2433
6734
8030
2482
7686
2227
9369
1323
6311
4352
6810
5643
4144
6780
8149
1960
3397
464
1564
8651
9036
9329
1698
4602
473
5183
438
8279
363
3180
2463
845
4898
2259
2331
7995
6051
6323
8411
7555
307
8949
8343
88
4531
9177
5061
9909
5378
9746
5434
5874
4714
7081
7639
9732
8268
7026
9687
7226
4601
7432
7487
6867
6804
9887
1497
9144
2372
9669
4262
3716
7329
2327
1965
6909
5332
2130
3024
4848
8474
1010
863
505
4793
1796
54
951
4930
2484
2754
8067
3821
8293
7860
1648
5076
6224
1640
9311
4100
4559
9541
7852
3748
6255
3705
9852
8949
8558
7431
421
3002
8177
4012
1223
4748
3471
1182
1869
4037
4610
4722
7565
1655
3690
9754
4676
7000
4062
4984
4463
6154
4878
5054
5824
2117
5882
5304
6901
8966
1784
9818
1972
6136
429
1444
8271
2628
80
3632
9686
1069
2681
1044
2171
6330
9038
6053
4609
3114
9759
4986
9732
8765
9449
988
5223
614
1185
2743
1700
7384
9705
8568
5468
520
8162
8661
6720
1503
7802
2847
2203
8739
3666
3676
3422
1423
8275
4646
129
4263
738
469
1558
659
7739
3777
7782
9421
6737
9335
2713
3466
1751
963
7935
5380
4970
8368
8801
5091
2720
7511
6478
5949
3675
5876
7535
2986
1227
8259
940
6572
4161
3599
4785
5890
3667
1492
9517
1732
9868
1379
7594
6123
5483
8864
7841
463
2978
9225
2497
5330
3606
7334
6696
7883
7954
8107
2544
1860
9420
6596
1918
6630
1029
1506
5064
3198
5947
653
1624
3998
8560
9487
9943
6211
7901
1824
3338
9273
3841
4906
6911
8523
2771
4806
840
4069
5050
9484
8771
6244
6303
9107
5733
9224
9099
5508
3221
9845
3022
4364
8410
2810
8795
9219
4367
9770
2195
1655
6086
8882
2222
7879
8161
2474
5413
9996
5511
5501
300
8565
3674
1239
9437
6377
4972
445
458
4675
2599
3371
7764
6417
4369
2533
4516
1381
8650
9318
4257
8741
3002
3908
9240
9977
8364
9360
7166
2127
4273
1853
6646
4280
3709
863
7461
1444
9695
8035
3293
2394
7782
4967
3609
3542
5132
7874
5638
3361
2736
4489
8865
1640
1255
7002
6763
7517
6020
6260
857
4617
7111
5073
3089
250
2033
4304
1843
4650
8415
8703
7940
6455
2475
6339
1785
4044
5360
1369
9646
4833
9656
6582
7011
7789
8928
7956
3841
5072
1819
7807
8011
4405
8563
81
4270
4252
9585
6142
4705
4720
9118
6407
8249
5217
4441
8370
6574
661
7138
5787
8760
2811
9286
3332
8476
4662
1667
1116
863
2123
881
160
9979
4350
200
9914
8340
2989
1707
4342
8783
41
5117
9794
8443
4055
5241
7047
1947
1188
6989
9713
7182
4075
645
7905
6830
2461
4281
1037
2098
5714
852
6663
2024
1217
6466
641
3601
8781
5243
4198
1188
2059
3678
319
8023
9522
1709
7223
4029
1958
7831
9462
8544
7209
3504
9252
4155
7906
9260
734
6028
6527
730
9198
6501
8499
4382
346
7419
3798
2777
8489
6193
8530
8537
858
596
8889
4980
9508
4561
8170
6294
5729
8667
6304
9934
7808
1709
2546
7930
145
8279
5095
7039
6417
4665
4851
5618
2684
494
9502
7170
8977
3862
1154
4679
7776
5082
73
3511
167
405
4317
9302
8336
611
3213
365
1186
9582
7532
6339
6353
5382
5011
169
1033
7121
6791
5367
1831
2222
4792
3953
3929
6798
895
3196
4867
8619
390
3411
2583
7654
287
2967
6258
6507
7570
5967
320
6505
6813
7066
67
3093
8963
315
1809
2072
1308
7837
9901
510
2977
1749
689
1547
9783
3067
2445
4266
7196
2359
5411
5831
8011
3769
4596
3420
4852
1161
7252
7768
724
5570
4165
9643
5447
6990
7661
6188
3079
5280
6693
7418
272
6098
8452
9309
8865
7243
2706
8013
4394
2272
5595
5557
4478
1907
7962
3116
5571
3646
6909
4312
6555
2620
1832
8414
3136
8233
7884
9271
8343
6417
9921
6325
6205
9091
2704
4518
9691
5672
6020
7403
371
1662
6312
6044
9096
8291
6977
4361
4111
7700
8868
9708
2909
3623
1992
429
5984
3341
7954
6827
4457
3463
6856
2125
2018
6555
73
6015
1586
8887
2704
8375
4097
3728
1256
9080
2915
7867
4833
8239
7284
9942
8560
3385
3098
6244
7862
7478
5323
3636
2251
253
2317
1330
3924
4456
1742
7687
4630
2450
4091
7211
6740
2390
733
6617
1011
1694
8505
1652
3758
5877
7848
9595
9822
3909
5405
9116
6229
1374
2141
8537
4483
3886
9366
7873
3458
5722
5346
9325
6502
9661
4492
2619
4049
934
8199
9369
3198
1577
4110
7379
1706
9556
9184
4754
4789
6679
1678
9584
3995
4930
9360
6602
3577
4209
7440
5990
8840
6714
6520
517
9442
2353
7982
4079
2759
9868
4535
6948
5639
2361
8814
7130
1715
5704
4192
1557
4663
7426
822
7750
1984
7969
3192
8493
4575
9479
3504
5837
1076
5864
392
3324
4341
9646
2056
1044
2204
8207
2151
9699
5396
4187
8491
8223
9775
2126
8299
1618
9634
3375
3502
5946
1704
1811
5740
6203
2436
3748
2112
4463
407
1182
6859
5713
2286
2586
817
198
3278
5032
9744
6986
9698
6125
9239
3049
5081
3899
9705
9715
6145
580
783
1812
7349
4806
8165
9895
4952
5309
4770
4911
9010
4890
8200
9666
2035
9844
8634
6649
947
3566
1636
9019
1497
1348
8334
3134
6644
8726
8584
6637
5376
66
9325
7443
9185
7210
5515
6491
5283
137
2708
9823
2924
7597
6190
1829
6317
2060
5842
3685
9240
3049
8914
4960
8826
391
4382
2708
4055
5003
5328
7480
4221
8561
8405
2737
2989
4244
6724
6027
9865
4939
424
8283
7513
4858
4008
157
1277
6773
2786
7412
4623
3335
9228
4920
4559
547
1594
7770
229
3566
8344
7459
3073
2203
9201
7063
1877
2458
1689
8952
7407
6373
7174
298
7221
4284
2657
8886
2595
3847
3120
7228
6427
2968
1928
537
4549
9764
7960
1505
2669
8546
4344
9682
3638
8791
9671
3941
7687
6571
4967
7517
4930
8220
3041
5628
1835
9429
7368
9609
7810
2310
4806
8294
6872
5727
3256
3871
6213
2594
4734
4651
9905
5890
2289
3210
5411
1369
7150
5924
2455
2173
2375
7176
2623
256
9603
8796
9865
5987
2982
4242
9683
586
3613
3102
9548
7479
4692
2792
4485
8545
1341
8793
3671
228
1625
1480
6044
8371
8830
6240
6386
2749
4565
4000
3841
7827
169
991
1491
5442
1684
2320
8891
1755
4603
4634
6606
9428
3343
2645
6436
6438
8019
7834
6652
3514
6468
3393
2183
6196
7692
4799
1266
2676
8005
9
3307
6370
9161
3237
3329
7836
8981
8558
6473
4816
2952
5126
9586
9404
4210
3241
9898
5797
3834
8217
250
8977
3468
1131
5696
1465
2600
4460
761
199
3213
6553
1949
9982
8019
5957
8085
4424
7117
9906
7562
5342
7759
3045
5455
7341
6757
3284
7413
2866
8508
9062
3324
5971
4082
2219
7738
1007
7746
5316
5970
4354
2432
7057
9069
6888
4803
8420
8155
9885
2396
9438
6571
366
4668
9602
6772
5768
5401
5714
4712
9364
4806
8266
9690
7051
6288
9624
1498
9237
3924
1664
8080
8491
1780
2128
3697
5236
7820
4002
715
2122
9362
7977
2055
434
1086
4511
9934
7851
3063
1095
3362
6446
2920
8238
2759
3140
9170
2916
1222
5372
9304
2406
9744
9869
6568
3588
4773
82
751
1625
1975
9029
8865
5254
3573
7157
7975
9161
1664
3438
1784
503
5241
9978
6294
9269
1057
842
481
5982
3169
70
4109
3262
1651
1559
648
3090
9638
719
2694
3230
6692
7143
9408
4558
2994
920
8400
934
4049
7536
2940
9145
3548
4893
5481
2037
3410
7644
866
4715
8623
5738
7598
9281
2556
8546
7776
7797
8220
1783
6523
2845
2629
8912
3773
9948
4907
6040
2274
5300
4619
9105
2317
6654
4725
485
174
8860
6226
2980
3525
8584
692
9889
1221
3359
7702
8103
6011
8996
1127
2325
1926
7131
64
8953
1279
2831
3587
172
4096
7122
2778
9126
4574
434
8409
7732
3264
2969
385
4562
7437
2751
1816
1393
2433
5089
8874
5531
4964
2586
6834
8815
7319
5729
4394
6303
7074
4631
6591
8919
1775
6260
2396
6577
1173
3785
7689
9840
5292
8188
9946
7116
7142
69
6913
9918
1396
3481
1894
2476
4472
3890
7778
3614
2853
2118
8677
1589
3989
8880
1893
9883
9768
9770
2721
4460
9095
9456
6802
1240
9397
7699
5478
805
5164
1560
329
7409
7868
1880
3818
2136
5655
3347
889
6769
5546
4882
2885
4715
5395
7781
7250
2885
6521
4582
7394
8321
4408
6838
5210
9967
5586
1249
6040
3439
7714
178
6932
5461
7128
2222
4351
19
8443
4913
3538
4334
305
2578
3704
3245
5809
1600
61
6199
2411
7128
8424
9035
1434
432
7324
3973
3303
3008
9127
7926
9031
4748
7394
5166
7706
7086
9083
1906
4473
4004
9673
2688
2682
2273
8503
9342
3867
2928
802
1883
8210
4546
4270
7829
325
7788
8624
9513
4694
1157
9800
2786
1996
7232
3822
2290
5186
9211
8185
8722
6256
6850
2120
4014
1604
618
4285
7789
3468
206
2368
8304
3895
9642
2146
3101
9757
8169
3331
8927
3673
7084
9076
621
4035
2667
7024
947
6675
7350
1139
2016
2581
1130
6170
1372
7262
7805
5800
9466
3950
1646
337
5093
4684
7858
2752
2593
2927
7735
9792
8367
7023
5754
6567
8445
1195
6696
8184
7821
9491
3742
6560
6901
5145
1561
3971
7209
8206
6343
9134
9027
9970
5457
2733
999
5206
601
3097
2242
4360
330
384
2123
2792
6624
8366
6471
7543
8796
2201
6489
9782
5329
5539
741
2144
1363
3145
8933
8252
1406
9666
5865
4167
8977
7068
8849
7480
5201
6516
635
3572
4610
5139
7037
7428
3583
6256
1803
242
4987
893
3333
6707
3376
3099
1956
1770
237
36
7144
5507
3755
2355
107
5519
9185
7581
2023
3732
1933
6125
5465
4577
9586
6290
9240
9627
4139
7986
8476
7797
8920
597
7288
1592
9996
4078
8613
8735
2070
466
6661
9946
7056
6610
6875
2168
6611
8323
7772
3387
8448
3665
3570
9131
9732
7874
3836
1292
1781
2122
3248
6135
1305
6251
5057
349
7099
7969
1877
1346
385
4605
2072
3864
9897
6440
7587
8486
936
9042
9184
5481
8431
4759
7295
4488
9899
8001
7439
3752
234
5834
3685
937
426
7252
3557
8622
3835
1535
7730
2738
2498
1607
5746
1505
6563
6324
3271
2339
8322
3873
3713
1250
483
490
8089
625
895
1437
2777
9744
5759
6766
3297
236
5487
8188
8400
2931
3350
7690
4704
5400
9793
6152
2236
3352
4937
4283
2574
6629
3851
7955
2682
2762
8520
4154
7564
4340
9660
3572
2277
1009
1579
9247
3161
4828
3233
4017
3372
3251
8030
7100
864
9318
8205
4231
8933
35
7626
7158
8486
1627
9508
8316
8633
2175
8819
3565
5814
1730
2718
1509
7570
7536
1667
5686
2500
9416
7441
6339
9598
4825
5647
1162
7800
6060
1508
7680
7869
2661
8768
9161
4350
1332
9370
9414
9071
7704
1036
8835
4350
3075
4621
7135
6517
5551
8787
3000
461
3535
4184
5899
9106
4081
6811
9686
8134
4038
6876
2545
7885
5190
2538
4598
3889
6035
9292
1783
6999
7728
4599
8665
9343
9731
4838
8250
8707
6057
8187
1419
4108
6414
291
4123
1920
1402
3637
4152
5816
2865
6855
7644
4147
7846
9363
4721
6901
1816
3957
1016
345
7280
378
8786
3850
2119
9496
8421
5897
6911
3563
7863
3399
9322
60
1496
3544
1520
151
5761
7441
7156
5317
7950
1773
1045
1491
5270
7034
9336
5214
7567
1304
6516
7274
5899
9701
3147
5797
3618
4784
6077
9699
2308
6231
3646
2788
3923
8201
5485
9838
9032
2455
9555
3808
5032
5737
9036
8457
2063
9391
5556
8452
9203
1485
2750
5205
9248
5545
9441
3688
7248
2743
4709
1726
3529
652
3738
9191
3165
3024
3140
1039
3054
9147
8441
2036
6654
750
6522
6347
5494
2850
3735
6237
7906
729
4754
7623
2142
6391
5904
2651
8719
8208
1660
8543
3213
4817
4017
8093
9690
3333
7456
3415
4429
9704
2690
7348
7590
9931
4301
3397
1807
9688
4656
5036
1324
2972
3046
7687
400
852
2540
1188
3023
1060
7539
9596
7205
6570
4269
8171
8789
2781
6069
5081
9670
7992
2292
9733
4870
1189
8731
983
1065
4096
7237
4588
3439
2102
9370
7961
1890
3616
6253
8325
9179
6531
3090
3981
3498
9239
7356
707
6172
3348
8724
5161
4000
8004
165
9885
8460
1782
5511
3146
4116
2617
8731
9901
4458
5848
1536
2540
2367
1463
6850
9635
5529
1457
6679
9524
5976
1251
4093
7088
3401
7822
3467
909
2295
7490
5987
3059
3493
7529
8788
123
8357
9345
6766
7736
2473
3971
3601
684
3278
1420
674
8647
2187
4332
4596
5622
2438
4015
7134
452
2493
5767
2141
8450
4746
7924
9033
7068
9347
7002
3818
311
7120
3410
6936
9758
1194
3107
6325
3511
2402
6517
1974
3852
8086
5331
9958
8244
8886
7038
583
7765
7069
7051
8979
690
266
2972
4296
6387
3678
88
6555
6951
6758
8912
2976
8055
7506
4687
7297
3907
7163
2335
5673
2462
9512
9014
2097
7643
2250
3778
6573
6618
5401
7237
3311
8538
4459
5199
8921
2935
2104
9280
5471
6579
4272
8898
9830
6399
2327
5619
2652
393
665
676
4401
2059
8993
2624
9280
8201
6590
6774
8434
6951
8094
9954
5916
804
5575
2951
7572
9541
9187
6813
6934
7780
4819
3536
5781
8923
4444
4230
7970
1377
780
2726
6920
7621
1838
1678
5384
2846
8694
6679
6989
3527
6919
8325
804
615
5223
9366
861
76
4964
5695
3428
8946
3051
9433
750
9092
9745
2663
6486
1879
9944
5874
7352
4549
6786
1462
9296
7100
7484
4916
5469
7280
3418
7691
372
8069
6228
9469
5083
231
1536
7946
8210
2664
2584
5073
4878
5332
8861
2855
1421
7197
8369
7009
1900
5874
8974
9676
1420
3014
1226
6353
4695
2670
2956
4593
8223
510
6869
4851
168
7726
3361
518
1073
7537
4918
2201
8986
4178
610
5831
7223
2661
2787
8078
3534
6439
2188
6677
7774
4515
724
1734
7847
539
3313
4540
2157
7571
1345
6808
2704
3025
3828
6861
6336
8453
1078
6884
2406
8873
8414
7339
8921
4874
7639
7034
3765
9421
3070
6734
8194
6247
4370
3827
5466
3120
5257
9727
371
8790
6166
8119
5304
9913
8252
5671
4737
4421
551
3377
5736
4895
3811
9684
7378
3080
6191
811
5570
5825
5076
7840
4590
5705
77
8058
3621
3847
4053
5338
4400
7955
7501
9525
7848
3794
8319
381
982
6840
8103
8304
2191
3154
8680
7596
1129
3807
5031
4657
7520
3027
4599
7777
8803
8414
3010
3894
4595
4859
5889
2990
8990
3594
2815
8239
7146
936
6165
9200
6454
1192
9805
294
3895
9880
9304
6864
4515
6559
2082
1363
6937
697
2128
2499
1495
1835
3371
1762
5966
2814
2272
3168
5913
8010
7862
7869
2674
2440
4384
4874
1058
9171
6900
8942
2664
7968
7652
5901
4720
7066
571
3512
386
3772
5433
1392
3095
2072
6462
1687
1973
1422
7194
7440
192
2046
9901
8697
3670
7975
2365
6058
3260
6780
4513
241
5236
3762
1431
7601
8494
2500
6599
5406
6474
5808
9373
1183
5966
8324
8676
552
1851
1099
8579
884
4309
4949
3271
8591
1789
3162
4
1489
5198
7721
6585
671
9975
1048
4216
6775
7302
3251
1465
5547
6708
192
525
9494
8530
3026
5997
3069
7058
2433
7332
7096
4340
9145
4305
4571
7664
5651
8696
3210
8093
6211
1030
2210
2853
6429
4884
916
6492
71
6170
4046
8365
9540
3145
5457
5765
7428
3140
5922
6606
7139
8990
9539
6231
4208
3694
8248
8463
9970
8413
1406
2326
2220
4392
8335
9015
256
4987
861
3960
7513
9970
1532
8120
9490
2732
7490
4060
4628
5157
5777
3819
4868
4175
6358
6024
5672
9462
3698
6845
1132
9927
5935
4963
3704
1904
586
4798
5790
9160
8215
5132
4648
6239
9456
6347
8310
7970
7888
4073
6610
5012
9168
1406
91
3271
9000
2669
3114
1487
6065
7580
1394
8889
8813
5955
1815
7909
9626
3445
4878
6629
5849
1736
1302
6048
4034
7336
6848
5804
3473
5385
4547
1086
7563
3506
6185
8786
2017
6035
2758
7046
602
5746
5340
2319
9716
9451
1688
3645
5355
6107
3934
396
5797
4134
7469
8406
5493
3847
6576
2058
9430
1230
5947
3543
7404
2287
1763
4169
7384
6124
7395
6260
8252
1150
1469
8782
9203
1888
4802
5808
1797
5570
2451
911
909
4912
5990
8171
6474
2823
3356
9244
3083
9653
4320
5289
9342
524
6294
2860
97
2022
604
6076
69
592
867
7714
3822
4679
3881
2676
6835
5174
6261
7447
1989
304
3617
5361
1003
9176
1615
6014
6554
5076
8958
1056
8225
6261
5112
1059
1359
3518
3831
4952
9711
5395
8546
134
9109
9482
3052
5764
5825
7391
2723
6024
5118
1762
9767
5930
9831
509
3838
2932
4517
5662
7179
548
7113
150
7093
4731
8401
8458
4341
1551
9658
3742
8395
9785
5370
4854
374
6644
7324
1882
8670
4029
5359
6824
61
5092
8108
9795
5420
598
4737
9947
6580
2374
5378
7023
1714
5348
8571
6396
2214
1600
6471
211
4771
2103
6334
2442
9627
9923
9945
9923
1909
9289
804
5340
5097
1215
588
1125
9922
1845
243
4556
5892
8891
7011
2248
9389
5506
4108
8423
9002
6272
9526
9415
1294
710
8058
6782
621
9182
626
4543
9166
3277
6196
9502
3905
1513
4234
530
4222
9822
9054
8487
6532
5084
9334
562
2526
3957
9043
378
8044
1807
4558
855
1465
4353
9535
178
1403
7822
8148
7475
4363
8740
3787
5177
6082
643
4826
252
9887
5215
8909
7755
4326
1133
6718
97
5804
2944
2032
1751
1774
5124
7559
5521
6173
3672
9438
3503
7116
3558
4153
8297
4054
1388
6986
8618
2271
702
8566
1673
8966
7959
6
815
5257
5343
7984
146
3465
3856
4806
8276
2300
5559
212
3921
993
3641
9416
2060
5188
2726
3035
7772
9592
4890
8202
7528
5718
4482
9743
8415
7759
8363
9702
9677
896
2418
3536
3753
3117
3385
4314
4428
5699
6021
4269
9637
2993
3108
4001
9038
9117
559
3381
8997
25
9404
9583
3143
8806
7790
2205
1119
1660
2807
5693
9245
790
4486
6622
5619
6779
7833
589
571
5839
450
7593
8834
8484
502
5161
7537
8818
7413
2323
3635
6157
9946
661
6385
2129
9280
5848
2497
470
6336
6720
4242
8050
7673
6539
735
5315
4138
8881
3693
5103
4949
3105
2803
4494
9062
7934
3853
5786
6911
8674
2830
9927
4920
9226
755
8688
749
1553
5063
831
1758
290
270
5358
2228
4209
7902
83
9801
1119
5533
8850
2021
6094
6247
2528
3076
9788
5852
7553
6453
2187
5664
443
3288
1743
8644
5725
6570
3885
4310
9985
2258
2788
9879
8821
1580
8994
2296
9480
4406
6716
7920
5595
1863
7233
1677
1011
8275
3601
6528
5803
8754
174
9890
8111
6702
2840
514
3563
1975
4378
8553
5233
7160
4677
4067
6566
2292
3738
710
7963
8216
6071
8220
2951
7928
5890
7638
2350
2122
3745
2239
8946
7597
2284
6746
964
2681
5749
2266
6231
4692
1017
3047
2218
5002
5735
3513
5181
2415
8760
6331
8580
7599
2968
7891
1129
5313
9309
8874
3797
9271
9833
8214
7261
2403
3606
3879
9166
2851
4729
8449
4770
5035
2354
5071
5836
2228
4122
7617
853
4610
1530
4705
7867
6329
1151
5374
8875
8038
9850
1212
871
2738
1346
2040
1628
7348
4441
2620
2330
2679
8289
8097
5584
8896
8842
5717
5936
8633
2810
1310
3810
716
8035
2313
7092
4389
1757
768
4439
9767
1429
8997
5074
172
2502
569
5987
1633
738
7561
544
5782
3119
1612
3756
9346
4307
6599
5295
9988
5085
3127
1997
1462
9435
734
543
1134
1335
3855
9761
6564
3723
9509
4616
7292
6491
5353
7326
8186
6486
2996
5943
4658
9365
7245
421
695
7710
6307
741
2564
2648
8975
9154
2697
3377
4631
944
7989
6815
1306
1922
7745
8126
9675
9897
1130
7906
2437
2223
1919
7207
6022
1305
49
4255
2282
1345
4308
6880
3593
9585
49
6026
7848
814
4507
1404
1986
3453
6332
3189
5200
1997
3886
8383
7923
5339
7052
8252
3
8302
7247
3791
7481
400
925
8172
884
2010
5348
7043
4807
4043
983
526
7566
4195
7468
7913
732
9243
527
3942
2552
6598
7040
330
5624
8810
278
3532
7848
6819
8091
2550
5559
9012
890
3693
5595
8099
3861
6165
117
7010
6781
506
5610
8128
7312
4689
7919
339
438
8933
2384
3228
460
168
8464
2447
6349
5225
9804
5723
2553
1187
1363
6903
8057
6295
3660
71
1434
8544
7161
7787
1009
9694
8752
8751
9706
5307
9962
3872
9724
3726
4782
5375
3834
2483
6397
3820
21
9849
4971
4653
2556
1015
6088
6710
9950
1427
4433
6503
8667
7456
49
5194
3430
9805
8351
6996
2103
1057
4306
8301
4501
9922
8529
3692
4327
8923
6478
5346
6694
2653
5183
3151
9241
2889
4888
2535
5836
4718
5231
9325
4758
7129
3623
1868
8200
7162
7153
6613
3738
1300
1090
384
392
799
1553
9648
1565
3998
8890
3601
4626
473
6106
3814
3705
9633
4454
7670
7906
3832
1443
3045
956
4335
2312
7260
6878
5334
3389
2081
1935
3269
5100
8215
6884
500
4301
3069
482
6828
945
2879
6791
1172
2610
4787
6708
9704
3797
4636
8503
4562
5205
5082
4730
2814
546
1527
8872
601
749
3026
4678
5123
4223
1859
2427
4020
227
8020
9943
2605
5203
7699
2613
1989
1088
4605
9528
2972
8309
9647
2584
1863
7264
5544
949
419
3316
7602
168
214
9079
5195
4105
197
9807
1336
2619
4952
6837
4254
3866
9566
4486
5770
1204
2231
7117
8805
1973
7853
174
410
3482
1654
3908
4231
7891
168
3188
8425
2406
7621
7786
5426
2615
7276
8768
5336
8767
6136
6698
4326
1325
4098
2269
8185
823
4195
3450
1534
8160
7725
4496
6560
2557
1751
8141
5163
5226
788
216
6937
1796
2197
1935
6722
8301
6412
8309
300
8367
4136
5650
6860
6426
6847
326
8414
9219
1683
3751
9375
4733
8266
6056
391
415
9793
7537
2195
7567
4109
9473
6240
4202
3435
3042
3184
8680
9486
6683
7024
8198
7830
5099
230
624
924
2363
2524
5565
9964
8437
9223
8379
3133
7544
4295
7567
3975
5677
4283
7784
7792
4743
8744
6805
1553
7501
7895
3230
7799
7765
4048
4213
3864
4973
6629
5446
6003
4359
150
2795
5329
1016
2264
1659
3002
2974
4378
7301
5904
8210
9663
1414
8950
5145
9032
6703
2226
5019
4610
5720
2878
4512
1382
5213
2795
5662
8003
7781
9338
6604
4630
8614
3030
1571
8537
8725
9089
9827
4596
1364
1534
9749
2350
6133
5809
7382
4706
7231
390
8819
9935
8891
659
9514
1020
841
902
1011
6423
1850
2159
2189
9185
7618
2776
4812
8725
7919
8855
6075
3297
9459
3043
1058
6749
6546
3955
7208
9314
5122
2410
5586
4520
4437
1632
7333
5182
5686
624
8149
6322
2025
472
5436
8117
3039
8324
478
6486
750
306
9134
4937
6450
6025
8764
4999
2423
5748
6192
5921
6575
6985
2275
2110
8345
6089
1648
7367
6152
7028
233
9913
5639
7090
3187
1493
2223
7799
4814
2046
8223
1163
1408
1096
5621
1511
8112
4865
6422
3419
3589
6350
8982
1962
9995
5755
7870
876
7639
4683
999
4615
8103
3729
6172
4991
4065
8558
6431
9004
9418
3936
6192
8843
1362
7032
7886
752
135
8536
1342
7490
1159
4614
8805
3623
1738
608
3159
877
3191
4047
1882
6862
5222
2754
6673
8681
8210
4933
126
8875
5036
189
5900
8249
2119
1438
4705
446
476
1800
5688
9623
7098
4183
3695
5996
4298
9310
4040
9132
5090
1266
9764
1449
9951
6918
9517
7892
5702
8164
8038
1453
8514
1142
6909
1433
6619
2211
5158
3563
2727
7603
6990
1374
3511
2733
184
3336
76
611
8567
6595
1833
5997
5321
3114
5947
2893
7574
2757
6557
9460
9292
8506
6425
4942
9405
1583
5416
6999
2721
2099
768
5255
9633
9038
1889
1857
825
494
7910
421
429
5293
7252
7922
6040
7027
9703
2660
8175
5186
8182
1990
3154
1694
496
7915
9778
8585
9560
6318
2908
437
4804
9219
2073
3707
1879
3693
6136
6834
9699
9645
1852
1449
7185
6587
6978
2386
9931
4238
1289
4970
6834
4703
1231
2526
5801
8170
6667
4165
8190
3671
9505
3673
4426
2707
4471
1108
1831
1669
5733
1769
6045
5973
2487
5484
5477
8214
8470
615
421
5680
462
3585
7367
2925
9119
5022
1609
5135
2881
6286
7072
1562
6541
7607
5848
4587
4304
3189
8668
946
2727
5207
995
3253
4770
7417
2268
2379
1949
7341
7731
7139
5313
5572
5585
9645
9547
2343
3671
3879
9587
2390
628
9340
8590
644
2685
3087
6878
4950
7038
1802
2268
5085
6125
5786
7210
5917
9172
8686
937
5943
1523
41
4888
931
2444
9811
5607
1194
6676
341
5785
5753
789
3768
9437
6318
5569
1054
8257
6906
8341
7150
1573
7384
2291
4758
15
6994
5342
1772
5939
6925
5412
6212
2390
1858
7068
5636
1971
4463
7491
9120
1026
535
4506
9039
1849
5764
7488
8134
6262
3810
2242
4529
8790
7858
6754
9076
4779
2687
626
8160
3479
9321
1596
6619
7976
6578
6174
3399
9820
644
3956
59
8006
3485
4004
509
9879
170
9427
229
7707
9705
2045
823
2787
6295
5590
8684
2121
5330
5088
9788
8520
5470
915
9965
7149
1797
3342
7339
1779
2472
1599
1036
3191
1897
5026
5340
5738
1487
5150
7505
1985
7102
5819
6283
3887
2398
7716
3854
438
7057
4764
2109
9793
1042
9075
1270
8226
9396
4222
701
5623
3624
7836
9425
8993
1617
4739
5700
4443
5221
5649
2672
5102
2329
7952
9887
916
4879
6059
2452
2876
293
1480
4751
3574
467
9150
8502
6205
9514
5747
9823
8234
4293
2306
5268
973
5402
2863
8429
3306
3876
9557
3298
3747
2424
4968
7913
8076
3226
9535
4797
4081
6782
218
7130
23
1994
9141
267
8973
5841
5383
232
7789
7585
8404
204
9001
8569
9903
3904
5084
4274
1149
6104
8219
6935
6772
7725
8476
2633
3723
7221
8058
4262
7453
8695
3095
9135
5580
8383
8991
1907
7633
8686
8008
6109
9175
7617
7341
7244
2583
9631
9077
2654
9247
522
4674
7982
4540
5594
2357
7617
466
9782
4340
5718
4253
7199
9723
6519
7515
1205
5797
170
1569
8474
8585
5400
1380
8390
1598
8734
2376
4233
8870
9056
1307
9055
9808
4745
1384
3596
9644
8975
1347
2483
572
129
6083
1722
4352
2338
4973
2473
2498
1348
9072
7511
8632
3805
7203
299
3458
1112
4297
8209
6323
8728
4098
1836
8851
4317
4732
2965
9462
7282
5399
7068
5446
7162
2523
2468
2351
1419
1565
4345
6282
7868
4923
9372
4161
6507
5433
3331
936
2403
4056
2061
8640
903
2021
4431
8142
9956
4945
236
1444
7665
8414
2327
8540
1952
6007
393
7472
6287
3034
7807
6031
8729
6959
9971
3604
4348
3955
9248
7350
1328
5330
3282
9905
6147
2677
645
5639
350
1727
723
1609
5365
7049
4533
6986
5512
8715
1833
716
7084
8969
6178
4338
8701
8842
4625
2801
2770
7617
8807
2840
8430
4654
6881
7413
1450
6605
8293
4562
7179
7187
6802
4274
5446
2272
9879
4171
273
8737
6634
2536
8674
8128
4907
2817
1170
2474
6396
4473
1641
5737
9865
7800
5274
1596
9634
2189
8771
8180
6215
9442
8865
2952
5034
8253
9384
5988
7112
2712
9439
9362
6218
7841
7520
4662
1511
9
4952
5012
5537
8097
5400
9945
7835
3265
2459
6843
959
8477
2749
808
2671
2227
3093
5336
5516
7649
4541
6249
4910
5913
2682
4138
6450
6749
7792
4693
9576
319
4521
4766
1270
6073
9536
7778
6684
6455
4739
4261
2429
1242
4932
8680
1681
5211
2266
9900
6549
4158
4332
4396
1537
2070
2798
6034
71
8072
1500
5052
7693
2979
4574
9847
5849
174
6707
4608
7227
5066
4315
4302
579
1926
8041
6601
9744
7244
8029
6775
1145
7565
4338
3141
3122
7616
2967
630
2983
4727
2315
2862
4652
5596
7845
4505
7981
4754
5390
7226
2497
7369
3976
8133
3581
6317
4973
4041
827
9682
3010
9424
8343
6945
1468
1028
6630
7251
1391
5966
1303
6946
8161
2958
5226
6270
2057
1789
1395
2252
3438
9072
7850
3366
7299
3011
4798
1779
3085
5055
4358
9954
967
5055
7305
3960
3354
9823
2334
7089
166
1784
4951
8959
461
9440
312
2084
3828
6641
5326
5629
9946
9662
6444
4961
9555
4814
6502
9875
7059
8353
5330
8512
3487
9373
9531
8266
7983
5636
4516
7032
2503
9668
351
2690
9929
1723
1008
7399
5256
6919
2667
7893
2653
4596
1452
4871
2519
2639
3726
6944
727
6647
9247
9384
551
4487
3739
9910
6717
4769
5446
2135
8850
7684
1115
5195
5259
1178
9279
4701
7107
1338
5734
422
5463
2866
9742
3157
9333
9568
9252
3250
2017
9130
3453
8549
7566
6777
972
9837
5579
7892
3302
674
2159
7996
978
8114
3200
4108
9144
1711
9434
2501
3419
2751
4646
9408
3164
4687
1425
9986
9415
5630
7746
9542
2373
631
8658
7334
7079
5925
7582
8745
3939
6668
1307
1055
4933
6620
1196
2854
1546
4285
5974
9851
4420
1270
9316
2875
7687
1128
861
3064
7901
2244
428
1835
2851
567
5812
7578
7333
2699
834
4552
641
6319
9911
548
3724
5329
9848
9120
481
2577
4441
4088
4212
5085
7368
9439
4540
8340
4282
8905
7258
3309
4200
2261
5346
1448
1718
7522
7603
8899
4937
6342
6772
2571
1493
7489
4320
4221
9146
8413
1239
4861
1501
6537
1943
5847
2740
4991
5673
5899
8459
5861
7264
2291
7638
9322
8250
118
7060
7658
7661
6323
1537
7888
2140
9850
2738
4727
1895
2457
6833
4235
5871
2447
2769
7618
4711
6415
4762
2022
9441
1490
1853
4054
7618
9
881
5731
2457
9943
8772
1923
6210
2008
5007
5590
6996
4797
4065
7800
3849
2773
1217
609
1258
6809
4244
624
691
3581
5891
7187
5681
8688
4418
7421
6221
3483
8996
3991
8933
4714
1221
1571
1678
2202
6939
6174
4964
7783
5023
3016
5290
5067
3361
7740
2028
5763
5292
9772
1304
5595
9784
3256
3787
9296
6303
5443
8023
3605
5987
1086
6327
6622
2000
4638
4446
7547
9912
8999
7182
7088
7544
9683
9056
2952
5207
4709
4108
8552
1932
3271
6773
6048
6818
5939
718
376
6767
9092
1654
7931
1110
7985
9859
6975
9095
1866
731
1459
638
7062
1584
1435
1193
8501
9143
5953
13
7165
3869
2491
5481
3009
7131
1977
277
4365
2215
5760
8942
6953
1459
69
3269
7462
2780
5213
3633
4510
8666
84
2136
1321
4835
9508
4189
4178
5831
551
4594
6058
5568
8890
2949
7482
528
7473
6780
6917
7466
2851
568
6245
8621
8155
9490
5640
575
1813
2313
6104
2234
4323
1858
8414
7860
5787
1065
8602
7543
42
9554
1501
8460
3440
7129
5632
7778
5667
6632
6423
1539
1440
1606
8505
3722
3305
7594
9536
7749
3630
1087
5511
6908
9112
7518
772
2487
5439
1404
6294
8816
6888
2285
2253
8163
7158
9279
6916
1532
5180
8921
2829
5604
9151
3183
285
8983
9467
5866
1233
1266
4924
4142
6536
8381
5846
3682
7468
4726
4143
3369
6779
3097
7177
7066
8883
749
9825
5046
3179
8202
4498
9588
543
5829
9698
6546
720
3508
258
191
8723
5716
6906
3331
9706
3613
6814
8014
6861
9356
215
3553
2432
1725
5792
5918
9389
4024
4055
1152
8851
9586
4621
5311
2462
433
3
8895
6693
6138
2333
7193
6399
4801
3551
4723
8730
5594
8314
7771
8417
5521
8271
8425
2578
877
9478
2381
3115
6589
9832
8793
6516
8715
4713
7167
9429
7250
5309
9150
8111
5539
5453
3969
5242
9983
295
6756
7996
5587
1516
3732
7278
821
6597
7237
7396
4177
8866
5271
8378
1578
3831
2999
4450
6247
9961
6930
8325
335
961
1386
3933
1726
5773
4964
830
2472
6575
7911
8194
3046
6661
5267
1999
4578
263
5477
9906
2546
3102
9062
2624
1534
8770
2190
332
6141
4980
7552
7453
6272
4032
9721
395
6825
3810
5872
9747
4421
8995
6068
2861
7083
6088
1598
1364
9621
3500
543
6820
4891
5242
7512
5001
2171
6841
7305
1753
3015
8033
3707
6690
2742
1882
940
8452
2180
5940
452
6021
8381
3601
5804
9908
2132
5159
4102
5709
4203
3860
8789
2266
1327
2320
1907
8341
2980
5764
2491
8591
3133
5618
7689
2147
136
4993
5499
5614
8265
7997
651
6257
8973
5912
5825
9905
8789
9550
3498
6347
4810
5271
4400
5125
5657
2962
4390
7360
3928
6119
1079
3211
2523
4665
7461
2204
1992
9234
8710
674
2012
2051
9759
5732
7829
5369
1737
4008
2115
5333
8003
7477
844
9398
7617
2327
8487
9050
5499
110
6875
5647
5051
1397
1125
2643
7041
666
1335
7935
7538
769
1630
2429
8330
5042
2189
3915
2039
2276
7059
6351
8296
2825
4690
6538
85
495
1375
3698
5917
6194
6783
5772
5932
1713
5814
4940
2274
5857
9768
6091
6828
951
9799
7920
6463
2256
9747
6097
5481
4059
4236
6362
7440
4889
4076
3007
9436
2939
6853
7596
798
3821
9
1782
2562
8788
218
4067
1337
7586
9254
5828
9568
8673
3680
9975
7417
3179
8321
6280
8404
7286
634
5001
5290
9874
1776
5269
8546
1114
711
1712
3887
3738
3073
7704
4124
6095
6435
3141
1726
3404
5866
3481
388
5031
843
8479
1537
6162
3814
8066
7680
3927
209
618
2090
6860
26
7421
1021
8645
9292
1118
7888
4353
1156
9433
5698
4408
6972
4479
7560
6791
4421
4426
8126
4352
4968
5440
8087
4370
2876
1756
1123
7855
1770
5311
2877
1895
2601
3639
2123
6913
4855
6341
4817
1968
1248
8792
5684
9787
4706
1900
5604
685
3763
8814
4309
7487
5902
1627
8944
2404
5889
7417
9382
9190
7954
7629
6484
950
9031
9957
3565
3730
1448
574
2832
6626
2807
5960
5742
888
8127
3584
6046
2074
1852
1105
4955
3974
6356
2604
6168
8034
9815
1616
1239
6035
6822
8661
1590
6458
1850
9296
1235
8792
5301
9437
9435
5978
483
9334
107
658
2726
8305
5327
992
7572
615
498
9674
4844
7856
5092
4320
7089
5343
6511
1445
3524
6306
6922
2323
2000
5382
5542
3656
7396
3375
6657
1952
8696
6216
8701
9660
9863
6265
7509
606
1100
6064
3659
9516
2290
8727
9449
315
2811
4869
259
1584
6167
2928
2063
1170
5904
9086
5684
6764
1516
5274
2458
4683
698
8482
575
4608
259
2009
9177
7485
1658
896
2678
6448
1875
3365
3911
8471
228
4865
2494
8387
609
6623
7969
2067
7712
4626
4831
6406
1829
1995
6876
5563
6162
9435
2166
9122
5695
8801
274
3819
1866
7829
6303
3047
5013
2711
5226
8237
7046
8103
2608
5659
2176
9654
3608
3699
5972
3192
6588
3603
942
2956
532
4171
5729
562
3733
789
6844
2673
4541
8856
1496
8702
3895
7918
438
2619
2757
947
6332
1819
2066
6492
7156
7674
2328
2500
981
3978
8858
8218
4995
8399
9146
6663
3579
2159
6897
7357
7007
3403
6385
8834
7667
3389
7097
8336
8894
9736
3353
5881
8721
7891
625
2404
6411
6273
8917
6178
2819
717
9415
7181
5617
1444
7438
599
4246
9800
7077
3349
3332
2181
6141
6313
665
3103
912
5455
900
3934
3795
4986
6490
1446
5724
5668
3886
5477
5467
3258
8792
5943
5399
4857
7111
4475
9610
3533
8876
4857
5023
208
8233
4643
4456
8537
4984
7804
8425
6939
1691
940
9707
3356
1287
9143
7831
9838
4727
4543
1473
4292
7169
1195
4873
9053
2351
7409
1491
2546
2900
2590
3628
3744
6637
5157
3117
2721
8107
8748
6843
4830
9992
5474
4396
6985
7224
8041
2447
2587
7043
4315
2816
9964
6071
4409
7739
5142
8840
6633
4712
4717
1098
3622
4119
5613
3119
4053
9663
8812
8487
4425
7274
718
1226
187
6885
5594
9823
4721
2813
9623
2376
4178
7924
6327
6173
9819
172
139
3318
7907
4400
7426
1144
8326
7883
2529
8173
4483
822
926
3425
5076
5780
1901
6927
9546
4205
4233
2035
5000
3147
733
986
3988
5471
4190
5082
9681
5050
2383
7460
4164
7310
7450
4131
3363
229
4417
2326
964
9320
7196
2993
9026
981
3647
4495
4096
9755
7127
4607
208
6140
9694
9725
7614
5278
4613
2757
9413
1686
4691
661
5998
5778
2482
8654
2532
1979
6742
3822
7308
8624
1090
605
9912
1282
953
1195
4488
1059
1341
3689
199
4330
976
9962
1413
9497
2023
7747
