2192
7930
8012
2688
6857
6780
7501
9762
2009
2329
2987
2351
2486
1695
7619
7061
705
2975
28
4615
8016
986
2391
6161
8848
6833
6335
6077
5827
8372
8069
1518
5323
1797
1483
8588
8879
5274
3110
7664
9769
8975
2174
6824
7202
7843
3214
7331
8299
2068
9579
3357
3469
3194
8834
8571
7283
7570
886
6497
9134
2484
1173
393
276
7667
8808
5786
7128
9417
5246
9731
4836
8005
6414
3693
4087
2275
6289
4221
6331
5255
6541
4609
6673
3175
3943
2831
6665
350
6179
8212
4754
272
1342
6881
2261
8844
2982
7379
6480
7538
9730
7465
308
8118
786
5978
9219
4038
2492
6851
1956
4191
503
8977
6558
6481
4902
9127
4258
5795
1989
1075
5851
9393
8237
8554
3236
5333
7528
4018
4171
266
2
4986
9658
9168
8450
289
9112
2064
1837
4820
7788
7980
1484
2080
4089
2037
9118
3684
9331
9021
5303
3891
1737
2954
4859
4307
7695
6496
2318
7545
9445
9225
3837
9745
6576
2410
6153
9832
4995
1948
6228
3894
9185
8792
3269
1332
2980
4604
5669
9267
3115
6170
2097
1159
4708
1993
1971
6457
3726
3657
9440
122
8704
60
5268
6079
1087
7857
5192
6334
5122
7363
5042
9017
3485
799
2587
6066
1633
6083
7461
3177
1961
6421
2962
4172
5302
4873
9262
5940
9424
4490
933
9142
2870
5016
5987
3215
9927
6886
6070
9171
587
8627
2944
2483
4814
1024
1161
1584
3707
4939
3392
9958
8754
2486
3098
3357
4354
2032
5747
2223
8789
9463
2428
4516
3523
7252
2096
281
2832
4426
2587
4550
3778
7956
1554
5524
8936
3177
2897
7504
4833
9445
4870
5959
6363
3915
535
1720
9811
1199
1557
8470
8488
109
8329
5843
1827
5047
1586
6734
2859
7797
3387
5325
1505
7272
1105
5382
5062
8092
8574
9444
5579
1011
4341
2720
6801
3803
6796
491
5586
1599
5664
1211
59
776
4080
874
3637
7335
7733
4708
4346
8064
4132
608
229
3122
2080
3283
772
4898
1407
313
5582
3165
9669
5719
9454
5194
84
7349
21
8546
8241
2284
9741
8855
1949
7767
6166
2124
7197
3095
9075
357
7761
8549
7602
9257
2811
1478
7807
4027
9657
9980
2502
3084
7187
5608
1560
1136
5616
7201
2998
4462
1922
2199
8248
7823
8184
4855
5642
724
9146
9865
4473
8086
7000
5597
2303
8506
9292
4171
2753
4266
4539
5095
2838
9451
9719
8739
2584
6619
4290
2552
6124
2065
5291
2393
7963
432
1906
3518
2883
8588
682
5571
1487
2659
7144
2664
3650
3001
7000
6925
507
6072
1426
6284
854
8441
7922
9401
1613
6845
7314
7464
7873
8347
3562
4558
630
597
5273
5075
2648
6544
6750
1151
2652
4955
5696
2237
2936
8016
4232
1147
51
4955
5669
1888
4398
990
3676
6344
382
7168
5356
7390
4027
765
3650
3180
4295
1636
7861
5192
2766
4384
5587
5062
4362
875
5597
1082
8084
6444
6911
1512
5897
8799
3600
2129
8970
5516
670
8322
2657
2929
5162
1655
8898
7423
468
9764
6235
1259
4612
6775
442
1378
9580
6100
6488
6602
9101
5987
9988
216
495
1420
2305
4301
8937
9028
856
3310
8968
162
5807
7782
3410
4718
2998
5538
953
1367
4778
3626
866
7063
5974
7300
7487
1534
8799
3900
6652
1675
1862
9059
7690
7812
2804
4236
2418
5839
1668
3816
9447
4800
2289
8978
5418
3341
3405
5093
6704
1239
3732
6312
5981
2123
562
2637
8969
2813
8549
7573
7623
8158
9141
7619
8845
6277
9795
517
4371
1302
3912
5791
4850
4482
5775
4494
8268
5235
747
4623
401
7747
1297
3466
9716
8214
6604
126
6313
5791
121
1107
5937
7797
5472
5046
6610
8002
7461
8178
1893
9086
3909
1088
7898
8832
9474
9867
5859
7807
1730
6991
2841
2580
4720
888
8991
3837
9526
5576
1334
1127
922
8985
9086
7847
1138
1179
3543
7722
9118
1062
7892
4695
841
5475
4095
316
5545
3297
1607
2261
9651
3647
8324
7558
2262
524
9182
288
5010
3588
223
3915
9725
9668
6043
6633
9522
191
419
5352
8523
3389
2819
8552
4514
1071
1397
3375
7081
4062
1134
2188
7088
8656
1109
9330
2575
6769
8844
403
287
8028
679
2980
145
3428
4778
193
2164
1663
8191
160
3330
3082
5978
7665
5273
4936
2023
3757
7390
6796
894
5397
213
4337
7290
2078
7706
6360
945
8376
4457
5089
6412
9587
7631
1224
1664
3430
3530
9850
1973
1286
116
3127
2041
3214
1076
4526
1868
9047
5524
675
4067
4331
425
4321
6527
5873
7641
2646
9133
1622
338
4010
2776
9326
2573
5093
983
3672
6635
8812
1336
5602
4623
4817
2442
1418
7485
143
6107
7878
9017
8724
4709
1544
2064
9012
6572
9742
8597
8262
2313
9020
7346
4752
9825
3210
2336
2393
8640
8817
8650
2396
2785
7876
4683
5859
7816
369
2558
2541
644
7541
2528
5704
7230
5285
7456
2492
3289
4619
9398
9286
6067
8821
9510
8970
9034
1416
5721
5380
1094
5316
4331
2660
5888
3069
660
1079
9508
114
1531
6656
3752
8627
8412
1847
4242
9675
5633
750
3774
2547
3890
1838
7826
8922
463
86
2901
8139
7501
6824
8917
6814
6290
7572
427
6067
1629
806
8785
678
3003
3461
5879
5342
8412
5059
8533
3588
6348
5320
5361
7641
6653
4979
982
9129
9236
1073
6277
8627
5273
4019
1552
1341
9262
1176
3518
5580
7324
940
148
7415
2839
2623
2230
5517
402
8463
2901
3634
7675
5697
6331
9410
9116
805
971
2224
7776
220
7956
250
9349
3443
3541
1479
1068
622
9257
591
2902
1879
3419
9176
6896
5451
627
613
2410
6454
7816
950
5794
8639
8021
9837
8279
2224
4977
4293
9304
3711
7793
9372
169
9015
1938
1735
5559
640
9969
7013
1191
1831
5313
711
1597
6131
7283
7258
3268
4915
8311
47
7497
4303
9971
1194
9358
3805
1214
6136
7121
642
716
8710
7656
1873
2958
1620
590
6602
6947
9216
541
7420
9669
5925
9561
8807
4067
7228
9996
7841
388
9448
8248
6656
6238
443
686
593
1009
9887
4492
6673
4460
5560
6236
4403
5854
8629
4292
6474
9383
5151
527
9785
7103
5350
4820
9211
855
804
5857
1894
6929
6417
2124
2897
7024
1638
2402
7541
5016
2076
2566
6893
474
1108
5767
8628
9097
5498
2570
5857
2815
5868
9452
7434
1406
3823
9610
7745
2660
1218
1777
7299
6974
9623
9763
7669
5274
163
269
1018
6603
4072
8740
3143
3509
3641
2151
8558
547
2360
9416
5006
9795
5654
4403
9401
4788
7866
8739
4695
615
5196
1429
8740
1910
9400
3555
2041
7835
6211
6158
8012
9251
736
9253
6722
7736
5046
8426
1677
4451
3433
72
3058
7317
7706
384
5617
3333
3971
6921
9568
5003
5076
5840
637
335
4232
9647
155
8983
3189
5291
98
614
3405
2235
9769
6756
870
5334
8508
3789
6267
286
8387
494
2900
5625
9134
489
6063
7432
9918
9264
7104
7212
3265
6276
7462
2744
2897
8810
2419
74
6412
3069
4820
9600
2815
454
7635
8139
5069
8267
7478
1110
4220
6969
9674
3647
9398
6466
9394
3990
3298
2943
5708
528
1081
4270
2225
6957
4767
4225
8814
919
399
9274
3268
6525
3030
2402
1208
5347
9410
6431
428
6508
3112
9979
2982
9148
9864
5736
6547
4828
4278
3824
3997
6872
9680
6904
8873
3389
3781
7711
7209
1385
2770
6470
1210
6200
2118
371
4086
5539
295
1703
7786
1753
3339
4935
4777
1738
499
1678
1697
4087
1362
4874
9043
6689
3275
2443
8722
3576
743
9079
3858
9540
5664
392
7722
6054
2708
8708
8501
6234
7081
6005
2302
465
4407
3526
708
9081
3084
6887
5429
40
2438
5395
2452
1329
2045
2936
2221
7719
3986
6195
2763
8445
4315
1045
9866
3956
3333
8005
5386
2696
9668
9401
9333
2882
6963
1852
5298
5327
6583
4087
8638
5017
6532
7075
2191
5222
3019
2012
8010
6247
1245
5180
5008
4569
1503
2557
1500
246
5537
4883
1748
1459
5820
6417
9780
4630
4876
5884
4128
8557
8400
6835
4568
7625
1232
2368
9580
2245
8597
4222
5623
6514
6862
2347
7419
9015
7495
6760
1041
6995
1788
1923
3901
2192
8760
4527
7462
4371
1415
851
3672
5547
1672
3226
6583
8834
9662
1203
6453
6654
8549
6210
4695
6697
5010
8812
9130
314
8064
8682
7206
6221
7464
8832
1706
6980
7798
7258
9390
4749
4536
1869
669
1798
2225
1593
2206
3937
5892
830
4067
6625
9805
9680
843
2528
2412
7614
6824
4108
2699
2563
9747
4885
1904
6724
9961
5721
7988
8746
4054
8447
498
7883
7941
6724
6998
5007
1287
4271
6284
2224
3588
7645
1256
6678
9168
3829
7346
1380
3131
6013
2969
8378
5773
4433
455
7664
853
9406
2130
2651
1065
1343
4127
5581
5963
3349
7842
4384
2585
2659
4215
5876
5031
1051
5273
8937
3769
7623
1978
2302
3749
1303
3127
847
8814
3980
8471
4246
5326
8056
255
5960
2529
9389
8789
892
6731
513
2108
3796
5332
4918
3436
7063
8980
5670
903
6440
6070
8916
5138
7662
1745
2464
1036
9317
9461
7407
4640
9021
3822
3260
5352
5879
3543
1846
2802
5319
5873
1981
5530
7177
2407
7069
9156
5865
4514
3741
5324
5936
2622
2290
3736
9657
2866
6280
1349
2275
7835
9766
844
2659
1441
4798
7234
263
2870
1197
6195
631
377
4782
6833
5333
3542
8994
7938
2452
6972
7641
5148
815
1192
5784
5423
5432
8630
6478
3609
41
2589
355
6032
7938
7365
8872
6941
7363
7361
1872
6750
7823
4249
600
1669
5700
548
2442
320
3692
1937
1050
7218
9097
7690
1335
4645
8243
8296
8559
6134
8034
3734
6083
1892
8548
6958
5728
2255
6794
7644
5347
497
3609
7420
9500
3872
9877
1955
7980
817
5887
1863
7002
9114
6439
956
5559
5222
9555
9146
4995
1726
2014
3203
6604
506
4205
835
7464
2745
7424
5936
5255
2667
5395
9358
975
6107
1885
7928
2899
3455
3691
889
4830
336
5016
2059
7194
4029
4246
8820
4246
3001
1486
3939
9089
2380
4232
769
3459
9032
8750
4606
1924
7455
4082
6600
8491
9432
6150
8841
1589
5937
1364
9052
6621
1172
6453
3446
3555
9645
5946
7090
4844
2541
6581
8990
1942
8503
9272
3730
1984
5010
813
3412
6351
6533
5378
7222
1830
1196
6226
1539
1577
6636
8326
3177
9817
16
6478
3495
8324
2803
9433
1205
6228
1008
5439
1975
707
7040
6161
6605
4438
7095
8975
6387
7367
9923
5720
7718
9331
3409
8539
4700
6708
4508
7362
9184
8326
5516
9480
5104
7572
1736
7564
8136
2830
5148
934
262
7084
368
4552
7770
8225
4242
3382
2051
7335
9141
3891
1408
3580
5517
629
7002
9100
5433
9020
5053
1844
3023
8481
6947
253
3260
3069
1928
4291
3908
7022
1033
7405
9096
4598
7353
3163
235
8589
9589
5498
5332
7573
9815
6612
4462
4210
3937
8916
7668
2849
583
1235
1951
8597
7698
4441
9287
7756
7831
3039
4354
6845
8255
4181
2819
3428
7495
7069
1976
7723
6159
5820
8546
9747
4738
3918
1997
7550
9084
7022
1308
5722
4506
6610
9682
7632
2921
7218
3208
7826
7806
4755
5230
9438
4171
8467
1175
5425
6949
4136
422
6222
5344
4150
92
3379
2492
3965
7630
8346
267
3058
8878
3652
1645
4565
5901
1907
1917
2740
9595
8587
4623
9939
726
9199
8212
4258
3273
2928
1650
6665
6924
8520
8136
2888
2315
648
2214
1760
4319
4948
6254
3042
9394
1891
2419
4585
1644
7049
5658
453
6396
7970
3049
9264
3727
8001
480
7967
7857
620
1318
1570
1925
974
7336
7994
6886
2024
8420
2336
3259
4885
7730
2997
7723
8046
5100
7355
1171
9395
2102
7874
3990
8855
3157
6754
7945
7709
9907
5859
7250
7751
2375
4161
64
9909
8056
5696
6197
2557
4568
1028
3613
6061
7457
2293
3152
7806
2168
5687
7106
4398
9699
5480
8660
8062
2348
3391
8930
7116
451
3882
1293
4171
6866
4524
6999
7353
7326
4845
4837
251
2394
3736
2802
9595
740
639
1454
5437
7857
8723
4086
9937
1787
7972
9252
1685
351
3600
5036
3149
6554
8746
2998
3730
8610
1886
5720
8544
3114
6550
3923
8495
4161
7068
6722
1839
8631
3922
706
4588
695
6814
5836
8786
1289
9253
4616
1719
9335
8400
5228
7146
9891
5852
4131
3082
6166
2210
3460
1742
536
2952
4116
9528
7229
5192
486
3955
3143
6828
2699
4839
4754
227
8560
1140
8798
9753
9219
7787
90
4101
2764
5162
5997
8601
8353
6924
2575
9483
3601
7890
8822
2412
3107
1704
2137
2310
1858
4339
7369
8798
1020
6570
1438
7060
2981
2137
1265
4881
6287
6887
5877
5060
7105
2510
9112
2891
9866
1054
7645
7316
8353
4659
4270
8428
9540
8009
2436
7455
1648
8658
6869
5618
8040
5268
4398
3166
1035
3036
3985
9516
4798
6591
4936
9456
7475
9257
1100
4032
3283
5139
2871
3089
8369
6452
2006
444
3949
7572
976
4559
4979
6804
6200
9448
696
8952
5266
5193
8156
7189
7580
4136
8784
2593
4948
7972
2940
2206
8291
5791
1431
436
2359
5007
1711
7478
7252
3035
957
4877
1417
2174
5889
383
6900
2944
4639
2811
6747
9625
2818
9269
1815
3436
4632
6168
6037
2347
7629
6994
618
2911
1121
8678
311
7807
6981
1272
8181
5764
719
680
2009
4804
7355
7837
3794
8460
1220
5809
30
4771
599
8806
8208
9388
7240
6210
2962
7545
6440
1571
2702
8086
2830
4486
1515
4246
5872
7828
6334
3885
9121
8901
7801
4244
8450
665
5977
2341
5382
9795
1941
3815
8010
1443
6079
7309
6173
7414
7810
434
1315
8620
2017
955
5838
4011
4955
6007
2192
3579
7326
6535
5331
4028
812
5074
7893
3462
2763
4171
6050
5534
6898
2053
1700
7196
9128
3652
7821
4573
6152
2706
9203
5883
7197
7408
9358
6031
4259
7737
9120
859
9228
8864
2666
5075
6313
3406
8716
1662
3512
1296
5597
2224
1506
1485
2705
5055
8824
348
1490
6814
7359
6114
438
2895
1246
9777
6135
8808
6044
5914
8286
6590
8699
6409
2192
9362
939
624
3889
1555
951
9525
5414
5598
8450
467
3572
6072
9246
6180
6534
6121
8139
4801
1682
542
2080
728
3163
1268
8287
1142
9161
7276
1305
9188
5704
2177
7667
196
3895
751
9637
3417
4173
5508
928
5778
9589
7320
5588
9291
1606
9432
7069
4814
1270
73
2528
7534
6237
7243
5932
5634
4767
3042
5961
2293
5784
8979
8003
9895
5576
7838
4483
1522
5983
3586
3734
5109
3158
4624
2496
9292
8931
7504
6458
2287
6356
7726
4600
7272
426
4172
6510
7200
2193
767
7634
5718
7971
1641
563
3802
623
5997
3591
5076
3646
3371
7401
238
638
2557
3014
472
3513
7314
5421
2407
177
6409
2702
4109
9707
9727
783
8320
460
4150
7956
8766
245
3003
3186
7646
6980
5640
3505
6752
9219
4494
1153
6394
4834
6917
8994
5553
437
9318
6613
5854
4369
9068
8312
8559
4520
1828
7335
4645
9128
564
9462
9877
943
4254
9795
5851
69
6696
6775
3889
4695
5302
4971
1845
8936
8631
9418
1090
5857
6612
508
5602
572
6195
4745
4160
7495
9010
2841
449
9773
3798
2766
4366
4752
3102
9871
4845
1982
762
4446
5890
345
5597
3983
3224
1921
9610
6156
9210
4974
5868
2988
2752
4914
4067
4600
4676
8640
3602
6678
7794
4314
5742
3412
2030
9641
1471
7212
9866
8001
6682
8184
8840
2736
3152
9561
7614
2313
6149
3149
2000
8812
5208
5069
1148
8589
4598
5227
4290
2710
3553
1226
4066
7641
6153
2958
20
7293
2929
625
4089
7412
9691
8417
1125
8312
6852
1692
1804
4174
4626
3693
8749
8992
3688
4016
509
9332
7040
4128
7040
9324
3194
5764
6276
5046
6437
8554
9557
8539
5591
820
7304
788
6643
5223
7987
3455
9277
5747
7193
4652
9290
8760
4875
9637
6584
6849
3236
6285
3912
6445
5896
5987
6263
6594
6918
8267
3339
5610
5589
4935
1915
8906
7067
7216
7673
4801
2455
2221
4372
8387
7668
8365
4244
4988
4268
6573
225
9871
7337
8815
4218
1556
1056
1507
1187
9915
6728
5175
2497
8369
6148
1063
3993
6930
9600
1992
1696
2510
9053
1532
1639
6761
2683
7220
8553
1427
621
5266
6039
1634
1262
1346
9474
6633
6957
9379
9711
2834
2923
7332
5867
7196
8685
6109
6
4982
3986
9749
8580
366
2150
4925
2840
1741
4160
7253
3634
5104
4633
7614
1284
1553
2431
6881
2310
4382
3925
4268
8582
9281
3741
7350
6525
4249
6276
1190
4321
8906
2537
6875
5079
2659
5043
3266
4391
5415
898
4986
9696
4148
3670
9389
7647
8191
1206
3308
8418
2025
9090
2788
4093
7776
9347
7128
6139
5358
7105
1366
8905
5460
8952
2037
5047
3000
9160
1535
4759
4710
8540
1800
319
6544
8849
459
3131
1104
5608
7032
2957
6892
1258
6127
2537
985
7218
8053
4379
7335
3085
9009
4101
44
6937
4019
654
7819
997
6062
6760
1031
7690
249
616
6708
1698
737
9540
6505
5382
1058
9144
9776
9109
6602
4242
9567
89
9869
9390
4821
9936
3609
6941
3850
8320
6276
324
6545
7883
1811
7262
6558
8259
4438
5865
4633
1300
62
902
4948
6575
8679
1953
1118
2200
38
45
8609
2224
8675
8271
8965
6613
978
7775
5407
5116
1766
2264
7547
916
6817
4527
9606
842
2275
8081
7734
8554
1810
1572
3277
5786
99
5332
7349
1055
1542
318
1969
3211
8977
2025
9015
6833
5032
1775
9885
4739
2108
1413
8045
5826
2078
5505
8104
5755
871
8965
9777
6182
6995
4143
7209
4482
6054
8192
3012
3286
5989
9867
4731
5504
3890
1968
8434
108
688
346
7258
7943
6367
7033
878
8817
1598
999
3101
3604
2574
9744
2625
3600
611
387
4741
6596
6358
237
1304
877
1588
9892
4898
8056
3985
984
973
8639
6898
4235
8445
4745
9265
7943
1776
1513
2436
2445
7153
4174
1713
4623
7843
5088
9277
4028
5853
1392
7932
3078
8
9902
6451
5499
3185
2593
3046
9895
6993
9301
4392
4244
2163
4566
9053
7224
6205
2516
378
7630
5574
3030
9388
761
4592
6480
297
8029
5258
1880
265
6417
1623
5129
6999
8337
7732
2108
2255
3255
8550
3742
781
5608
7256
1083
4038
3703
5540
579
5472
7415
9809
9389
789
721
7356
3793
1116
2118
4507
5577
6830
7049
4684
4286
8622
2623
9433
4170
8877
5539
4403
2841
2563
5418
6584
3007
8218
3978
3361
9523
6668
585
782
5504
1475
6132
6067
6035
5497
9116
1918
5946
2223
4161
1255
8108
7568
3807
2006
2076
8367
4205
3467
1714
6272
8016
8968
8588
8558
5894
9363
9871
7349
8450
9034
1850
5572
6264
1395
2872
52
6077
3341
1494
4608
6199
5566
8887
6828
3425
5791
4135
1627
581
662
717
7362
5658
5440
3240
3341
2168
4550
8976
1511
4850
1347
3759
3785
8066
5354
6904
8382
9795
7561
6224
2462
2531
5056
8174
9676
1233
8201
7401
3425
9701
2522
5379
3070
3238
3502
7785
179
7175
8424
9861
8420
4872
5588
6037
4558
5749
195
7667
3012
9971
4836
814
9019
3061
7327
2299
6440
2830
8521
4829
4337
9022
5100
1354
2998
6780
5978
2492
2073
969
9907
4132
2193
7193
5042
6445
6799
3463
4612
5303
8930
4012
7966
9264
9912
7662
9735
944
3529
6302
8814
2882
1876
6289
3965
258
832
5350
5644
2942
5879
9563
8134
6747
5697
1145
4549
7579
2411
3717
3536
5402
5573
7754
9569
4833
4910
9756
3330
7550
9642
9657
5073
4301
6135
4859
6131
5735
699
2589
1764
3919
4682
6841
1350
9655
8481
5014
3435
7842
1223
8535
2955
8756
3224
6734
5598
8872
6448
1528
3743
8871
6392
6087
1587
2333
819
9223
4371
4612
8311
2717
8616
7913
7831
1034
8094
5079
3541
1231
4770
1240
9228
3466
2690
9492
4558
674
4311
6127
270
430
2476
2389
9046
7154
334
3588
5347
2281
8179
7052
3423
8722
2017
1496
7133
7194
8346
7518
9661
8641
8723
8622
5700
9859
7475
9461
6980
8498
9914
8552
4356
8678
292
6974
8815
4846
100
2375
6948
1377
9437
8408
6604
39
1402
1977
8878
3647
5295
5045
6599
7190
9148
2988
4947
2351
2533
1247
1084
5
214
8550
7464
4869
8641
9053
206
8785
201
6812
1583
9934
1290
1294
2625
2642
4965
8658
8394
3526
8844
7090
4206
219
803
3907
909
6331
720
5062
9927
7613
1974
647
3360
2283
8216
9635
7849
4403
5534
1446
1409
9871
4339
2128
4324
5934
8999
9236
1912
2830
4285
8123
8773
880
2597
306
9550
8488
7316
6179
8868
488
7780
2659
9862
8560
5873
1728
9219
4441
3448
2177
8582
4457
2276
5983
4492
7690
5056
2397
5961
8180
4021
456
2128
7807
8021
2151
8807
46
4277
9346
9597
7719
9657
6207
275
4385
6431
8430
7179
6197
7590
8796
6417
5959
8571
9379
9465
2631
3231
1909
8554
4462
1957
3613
4406
2612
285
3890
475
6087
6438
5162
3933
8416
9304
9211
3165
8817
1097
396
5770
3759
4624
1568
7272
5805
1423
1086
4150
8463
7911
7240
9109
3676
7378
5435
9762
1826
5621
9785
4883
7049
9988
5664
8721
8400
927
7826
7089
2980
9895
4863
8753
3026
1376
7349
6596
5977
8710
9021
9274
8924
2871
6263
5751
9626
4526
3492
187
6168
3273
8628
4979
2745
3367
128
9606
1596
290
2253
3833
7704
9517
3177
5032
4439
2442
9248
6205
9184
8814
7788
6294
6598
8139
7220
5614
7699
6032
207
5822
5045
5534
2073
3740
6032
8612
1987
4426
6922
6935
5328
3265
1914
9768
9448
2804
3371
6485
2435
1092
2058
7896
9626
2510
9050
5750
1792
3763
965
9912
5433
2811
1498
7922
8978
1002
6429
7442
6276
8383
2676
4463
9981
9633
2348
5095
7743
4857
2872
1939
97
1010
6175
1133
1177
6457
1739
9079
6006
8123
1234
5066
6256
5859
3316
1673
8620
4745
5363
8250
5687
5591
9581
5116
1805
7756
4973
9540
963
367
6150
9251
4604
3641
5642
178
1674
1327
9809
5246
8806
3656
9141
5325
8428
4050
8740
4181
712
6829
3158
4313
9566
6526
7689
5938
9445
7559
157
3909
1491
6811
349
4249
5062
1237
1972
8672
9015
1027
3065
7118
2223
362
5006
9346
1091
9796
1388
2723
4218
673
521
948
7961
5683
4738
7698
7525
8812
6210
5313
4633
3990
1963
2895
3790
9108
4428
7675
9895
2378
5067
6921
6845
5903
2407
7457
9671
6424
3768
603
5309
4686
5043
6636
7510
2940
4112
6226
9669
9434
6291
9556
4748
531
9114
9701
9279
7040
4315
6488
9317
2800
9671
7549
389
3215
4268
1070
7173
8271
8613
2388
5938
4318
7680
7463
4880
2168
3617
2667
3257
7500
4974
5137
2431
9675
5539
5545
3570
6992
3684
6873
1901
3217
9401
6697
739
4164
5609
671
3883
1032
6861
8344
1732
5198
5572
8201
8876
4536
5439
1769
1026
3033
7668
5464
3143
1
364
4455
6855
1393
5175
6731
6942
1952
5778
5323
6952
8035
9264
3390
172
4180
3361
8936
6289
224
5218
1591
9353
4069
3490
471
1352
3375
5407
6334
9525
3950
36
4771
1323
4571
4069
1809
8766
1710
9641
8878
2017
863
6447
6039
1351
7743
6946
7346
6974
9299
5839
7566
3789
4168
1456
485
1449
4293
9056
2047
7478
5888
5508
3747
3005
7956
3122
8655
6728
512
9254
3815
7584
5162
1595
4315
4804
210
7052
7007
3638
8010
4917
5719
2617
6168
3788
7680
2928
9389
7275
8583
8852
4490
1905
4447
2541
490
3776
5415
5217
5464
6012
1250
816
8100
8716
7434
17
3340
571
3085
6220
5380
5285
8034
4619
3676
9406
4995
1510
7646
9607
1021
2981
6340
8812
5363
4213
2491
2444
6289
8708
8815
7420
1632
8066
4627
9219
5042
9179
6946
9321
4592
9113
6429
1461
8656
8221
2411
5562
6135
3165
6509
5273
5430
8016
8184
1832
3761
907
643
7686
304
9566
3828
3049
3409
7690
2565
6586
7177
1654
9985
6026
4973
5838
6545
2368
5260
9128
7659
8792
4767
4520
5208
1428
2108
6893
824
1476
4516
1718
5639
3923
576
1709
5775
1023
4205
7708
1520
6508
7973
1419
1659
9388
3196
6055
2196
3015
1934
7286
1372
4370
5230
8246
3765
9988
6571
3050
4694
2036
8508
3976
3528
1000
9849
230
7668
7361
1242
4210
4252
450
4624
8119
4954
2941
7795
3771
1275
9651
9525
1883
1791
2617
8048
5763
6949
3898
8982
3705
7290
5293
3631
6156
6566
4164
8812
2731
8101
2899
617
8626
7573
5289
5397
1874
4847
7153
1400
3259
3955
6066
9301
479
3168
2045
4770
135
6173
3495
6819
730
8371
1017
209
5416
1411
1817
6974
5670
1820
6358
9926
9020
4829
5095
5524
7967
7234
3021
307
3014
2597
5601
9353
8613
1743
2936
9528
6334
8999
4054
7827
9707
7376
1016
9283
8104
9823
8264
1856
1357
8542
6780
7658
3333
3428
7608
1155
3904
6134
715
6073
8548
9114
211
2581
4172
6478
946
4769
4609
2710
9908
1452
8549
6625
309
1573
4478
8832
6873
7815
1565
1123
1802
9625
2988
2334
1581
2952
764
1257
6682
3316
8673
7659
4481
3330
5344
3357
2040
9112
1865
1319
2102
1338
932
3885
3096
6780
5923
5003
4375
3812
8582
9332
9980
2651
6541
6312
310
1167
6247
9091
9865
3033
3159
5009
7709
5060
8045
4011
1150
8416
2909
8844
6225
7985
8193
1781
7063
784
2642
3259
2241
9246
8395
2658
7308
1773
890
3556
2706
7230
7485
252
5633
2097
2290
6257
8724
365
8185
5846
3807
8210
1281
6152
7162
8059
9344
7659
3515
829
6281
2809
5148
3298
8673
6000
7504
4527
2753
7659
2247
9811
1551
2888
5955
8847
6769
3387
9994
2766
9125
659
3130
2706
1382
1015
6496
1466
5751
619
1574
1495
9902
700
6392
9662
1074
8365
2060
6166
2247
4633
8746
439
4229
1733
7795
7631
5579
3605
6266
337
4245
3346
2435
4451
7028
1694
1517
2722
2073
4249
9319
8824
6751
23
8458
1821
9918
9770
5562
6227
2178
2836
848
901
8434
2942
7608
4618
2364
9737
1022
4417
8056
2645
4552
4700
8320
5031
8335
9306
718
1337
7755
645
3313
416
8644
2688
9341
390
2408
994
9170
1966
7228
3460
2494
7578
6905
1898
4108
4670
738
9287
3130
5347
1014
9456
1288
3505
7497
7549
8335
742
4313
4979
7761
3896
7287
3096
5332
1854
1684
4707
5014
9596
2804
9318
34
7931
596
8348
3561
9674
6045
9735
4012
4099
8629
2917
9654
8092
2538
3421
1080
8970
8221
6590
2381
9807
1855
7224
8983
1279
7743
1156
5277
5128
4478
372
9191
1708
2336
2770
7775
4476
1047
4536
758
1282
6881
6063
8076
8371
8100
1497
9310
1374
1292
7631
987
3286
9281
6855
4398
8498
4433
3094
1433
7196
6453
6992
452
7637
2800
4445
9112
3658
8139
2581
2060
2235
3498
8369
7885
8621
6133
7300
2433
4220
3791
6421
8535
8922
9010
3732
7819
5279
3361
9199
4346
9254
2274
4972
1980
8330
5162
1543
792
1356
5562
1631
4742
5317
3744
1670
5857
2818
7333
2749
802
7575
7359
7133
2348
3123
3346
8368
3123
3950
9988
424
6505
725
6172
9641
9109
9955
440
9372
5683
2482
2708
6424
493
4973
8363
9604
3744
9738
5016
9130
3329
3565
635
2127
158
7646
2359
8936
2956
9796
6440
8856
9191
881
9002
2185
1445
9219
4392
2426
7880
8856
4473
5328
2262
8898
2307
3529
9398
8236
5435
1546
1594
150
3328
3527
4311
2731
7632
3912
5416
2533
3553
6227
7423
5708
303
7668
6867
7432
9966
5316
7133
1521
4778
4478
810
7573
7420
7785
1995
4587
6530
7077
4116
5222
8196
2838
5148
7718
2051
2997
5010
8363
3996
7073
8520
2418
14
6080
2772
5327
1860
6267
9981
3608
1182
2096
1740
1926
1758
6991
8722
2800
1398
3553
2397
2757
1579
7296
5722
174
5620
9030
5605
6814
2988
2538
2957
5249
103
6527
3788
3829
2604
3636
6892
7827
2957
9699
7335
2195
6193
5240
8054
8422
9156
4244
4800
7153
5595
2161
6000
3562
1358
3764
8085
8574
2053
9178
2750
3181
7025
1037
7208
8420
837
2600
4143
677
900
1751
822
9188
3211
5955
9330
1348
8214
8891
4365
8796
8261
2740
2037
256
6458
589
105
3175
2071
8066
770
333
1198
1527
7642
3824
4860
7252
2659
949
9057
663
4959
5358
9969
404
7737
9868
9163
1149
4592
7335
8409
2117
1238
5440
9703
9364
3627
2033
1157
5687
5432
5418
4403
3082
394
1007
8956
2914
6596
2759
3650
4558
6429
4001
2832
4954
4524
4739
1368
7975
8371
3328
9862
7865
3681
1690
1626
2547
2482
6833
3768
5131
8029
9030
2166
7067
3096
4975
6362
2016
6109
559
9369
4835
5577
6460
2904
259
1004
676
8809
6290
5846
9885
6189
1061
2031
3236
5801
87
1261
753
8055
7566
9937
6808
4358
5432
9056
9597
3670
6725
6236
6581
9490
4451
9339
1911
7045
8328
273
2886
9936
9173
3661
9071
4018
1801
9012
1143
3828
6583
8449
2184
8406
6454
5617
2381
5874
9531
5827
4416
2293
9430
5717
5873
6845
6621
3229
8193
4814
3509
3978
8085
67
5839
3724
3314
3509
8415
4959
2923
5166
4254
1765
6824
5640
9015
7706
8184
9829
4385
6583
2715
1729
5914
3774
9115
6440
1049
1547
8428
914
8460
136
147
6353
9587
3686
7224
604
134
2359
7689
3026
6070
483
850
652
88
6445
9212
6910
7810
3288
9522
6206
3608
7206
221
9068
2452
8702
7091
8347
4446
8320
8970
94
6926
2648
6117
7685
3542
9871
5116
612
9462
1536
5382
5439
2866
4738
9113
4979
8376
6040
4090
8967
9988
7676
1679
8084
3208
9475
2472
5937
4116
7166
7106
4232
9745
5920
9316
4955
205
3720
9747
2086
9823
1165
9642
7975
391
9038
2306
1996
8553
5710
7691
5380
7128
4461
6625
3375
5437
1702
301
1227
722
6581
4877
931
4971
2802
8068
417
8784
4070
3523
4845
744
577
3852
110
3467
6841
3986
4935
3785
6302
9915
5472
6857
3352
6532
5883
6366
7216
1188
1384
7197
6718
9523
1931
6000
4741
5397
3214
4001
5361
5103
1396
650
3850
8931
3908
2597
8879
2646
9146
4857
8225
6878
6228
3302
4393
7250
6872
4817
1916
8840
6006
1550
584
2955
8467
9927
5818
6136
1152
7528
1943
166
5007
271
352
5317
5697
1139
4291
3686
3539
883
7793
6525
3078
9955
3812
6026
7124
8992
2659
1947
2854
9358
9985
1381
363
2219
3210
3
9600
3711
3965
5938
9610
5542
3752
3379
2152
6554
891
4995
5540
3658
315
4834
4527
7828
1361
8575
7309
6062
4684
7866
2987
6000
9085
215
5220
1853
6358
1195
2631
3778
7378
5397
796
4390
7352
7655
8158
5569
3860
6853
5481
6922
4508
8319
111
5331
7930
1298
42
2037
2181
807
6326
7125
1877
8815
2802
1808
3520
2690
7101
1819
6387
2657
1526
6335
8901
5860
7467
3333
1489
9715
2659
1204
7376
7675
7525
9395
8265
9539
7179
7743
1825
6761
6396
7333
9596
2489
375
5220
3275
3232
8531
7736
7971
913
714
1540
2336
4365
5690
2755
516
9909
7049
882
9887
5826
9680
6783
3722
2441
550
8627
1549
7116
6813
2388
3522
5186
3046
6124
8887
8119
893
4102
779
8931
8569
5582
6935
3553
936
5990
5423
9248
9299
4221
8328
8385
6797
4835
1481
6243
1113
7812
8597
4109
5508
5801
9807
9033
3761
3898
8674
2385
398
1130
2227
6285
6579
78
5414
1882
2163
3542
7832
2283
5896
935
1897
2879
4174
4750
2269
3185
4138
8451
1508
6366
2208
280
9115
6398
5139
9400
4260
7635
1052
7691
1253
7786
6087
6027
3699
2179
4299
4935
4391
3039
3791
5460
8866
8409
56
5728
2163
4252
3604
8426
1836
5890
7795
2228
4108
681
7258
6266
7751
7183
2704
9178
8980
3114
9007
884
7393
3094
2483
7401
8810
1962
1640
5475
9704
3807
4002
9881
2897
9752
1124
6799
5830
133
7162
8503
167
2341
6812
7331
6175
9942
1474
6887
124
4972
846
4588
4406
5923
5857
5222
7573
2161
8320
8363
8345
7675
7865
5067
423
2326
4992
1529
7754
5293
2364
9129
3330
2585
4067
748
3061
3395
6590
4740
610
1790
1222
405
1183
6527
7780
182
6663
9210
773
690
7795
6082
7259
188
8415
8145
4910
9100
4713
4222
9449
5978
8569
8092
2895
6682
9518
2532
4191
9711
9518
7667
5600
7033
8337
5605
8179
658
5086
241
9223
9264
257
2011
3602
8319
1135
1816
3980
9701
7696
4918
7623
8490
8931
7602
8381
4558
7504
1661
5129
2763
5187
4478
9600
119
3925
6603
523
1999
1455
9889
8068
4914
5853
6165
7994
496
598
5121
2581
1383
4885
5991
409
2630
1950
3980
1202
2652
6535
6922
7866
2841
9737
7124
3099
6558
9889
2073
5789
6698
3847
2287
5610
801
1184
3433
2325
8577
6677
3918
4830
5021
6325
8256
7694
4837
6424
3522
8782
8259
1771
749
977
6677
1482
7568
745
5407
3655
7352
9432
2315
9777
7534
5009
1637
8347
2429
4456
1013
2306
3925
3919
6963
2407
5940
895
2200
6062
2017
7220
5017
4784
6594
6663
1207
3490
6776
4260
3943
6961
2512
1727
9463
7208
6172
7880
406
7931
9633
2633
3908
326
3949
6952
1548
6245
1464
2253
2729
466
3461
4506
5644
7837
2275
794
9518
3095
1823
9570
5066
3047
3584
8544
9525
6080
2348
6780
2410
2543
3021
3089
6619
7220
6398
3372
570
4738
9770
3238
3374
75
4470
2192
4456
4585
3266
278
9994
8236
2752
25
9486
3226
6112
8244
7705
6984
6295
568
3279
4694
4413
4215
6867
6533
8458
3368
864
4451
5924
9173
8009
6618
1394
6625
8985
2580
8832
3899
3431
7106
6396
6525
7173
6031
4561
6437
9923
7868
771
7374
6861
3360
9893
5186
8265
1756
9357
4095
1301
9254
149
8451
8384
2239
4390
9083
834
1646
2177
1379
2025
5031
1012
8054
2026
2352
3382
5763
5983
5795
1046
4384
2558
5177
146
1324
161
3812
1840
9647
5240
9437
6195
8613
8428
11
4766
3357
7868
9089
4653
4482
5779
2264
6554
7613
3609
6125
1477
3214
514
3374
7422
4794
4439
6554
7408
4277
3939
5836
7590
4094
4847
6222
532
6581
1899
6969
3209
2899
7056
5385
7730
1126
6294
50
1299
8580
2610
1564
9447
212
3976
5103
4407
1412
7369
9669
1927
6754
9335
4876
2106
7659
6251
5960
7704
6576
361
2633
9218
3289
9774
735
7285
236
6926
3676
6900
2010
6429
1770
501
8096
2381
1219
8769
9352
7540
2913
938
8679
8583
7892
4571
8702
723
9666
687
5600
6069
2557
667
283
2269
487
7849
6356
6896
1516
9518
2117
1731
6107
1796
7382
5690
1069
8917
7787
6238
9480
347
651
6534
7886
549
567
5851
7118
5560
6136
7198
6335
5407
9980
7794
1834
2349
3822
1681
3157
5462
2215
4319
4112
9218
7988
9589
1473
3007
1881
9392
5116
68
4099
2329
3502
3576
4476
305
3952
2665
9306
8750
8699
1278
9645
9310
7420
1774
1488
15
8783
9022
8609
7932
3572
6112
566
1060
4127
6825
9038
2541
8807
3940
8262
1174
2740
845
1158
915
1780
4131
4717
4229
4992
5066
778
3910
2289
9651
4558
464
5524
6444
2818
1717
2132
8184
6159
921
3770
3428
6358
7965
5418
6564
1403
3203
9003
3443
2462
4494
9438
9518
3330
4606
952
6689
7826
8832
6206
8436
3706
7986
7346
8335
1314
340
3561
2321
9090
1003
9278
9128
1225
6448
9111
4116
5951
7696
243
101
2127
3375
4539
7911
7987
2438
5800
1369
790
5295
626
1470
1295
3513
1592
4462
3005
4749
1307
1990
2803
6228
553
2759
1870
6387
9881
3658
3341
4017
4616
260
7187
8035
7327
3298
1353
3602
7855
5767
5348
3865
7685
3001
1432
4879
9003
2026
8154
6586
8371
3359
7296
5938
9465
3298
755
2612
8436
8045
1371
1749
8145
9581
6207
9352
3580
6385
989
7866
9942
2455
4677
407
226
3392
6882
1759
3452
80
284
9395
5894
9212
2053
5074
3899
7520
4367
58
5963
9264
9509
3737
1784
2813
908
7785
7467
4857
1399
4205
7148
5731
2011
7675
7069
2823
6547
7024
2207
9927
3693
125
4750
6251
4885
8408
3900
2589
7770
1600
8798
5534
7705
344
4925
6237
370
5596
2815
1077
470
6168
2016
2683
9961
3495
7422
1248
8533
7075
7706
6158
6598
5992
2800
9019
6572
580
9918
2336
3471
9742
1230
4828
3890
3634
4536
2904
3129
112
6856
5118
8185
421
6579
6624
8855
4975
3764
5374
544
8983
560
4839
6312
1994
4245
4483
7718
897
6801
7573
7855
2666
204
6961
8044
2969
9761
3085
4428
8449
6085
1465
1567
3919
1001
8982
1053
4558
9133
924
1541
7028
4067
2193
887
2532
9539
1580
2700
4686
7431
9811
3333
6132
232
9364
9388
8740
8654
5544
9871
2954
4071
9319
1072
9475
2609
5609
8218
4448
7483
2037
8955
1057
3314
4445
8675
7293
2645
839
9536
5945
2226
5938
1705
2938
698
5425
833
7146
1523
3947
7831
4371
9433
1785
3609
6438
2923
3705
4759
6027
6182
1676
2193
26
9768
5605
3493
2600
8651
2516
9914
2344
2757
533
2824
8616
8184
958
7559
9053
2097
9120
5547
6015
4018
5228
231
7091
8050
3645
2326
8348
1254
2385
9345
2181
1355
3943
9043
1453
1857
518
9619
6056
3790
6937
1317
2426
606
3372
8756
3273
6048
899
5326
8062
2436
2589
3310
3238
9923
5874
6530
6852
4742
885
9915
8502
668
8842
154
4857
8750
4608
3042
4365
5876
9278
3217
7689
9829
6040
4870
2497
7133
641
2321
3553
4419
7463
4973
4718
4356
1450
731
3833
9579
1806
3667
9030
4627
2928
9915
734
71
1867
5220
683
2489
5432
6882
4498
3997
190
5770
4569
5123
8654
4834
4707
1457
70
3747
3405
8535
2037
5831
849
3186
1042
1683
6958
54
2943
1647
222
9523
7629
9251
8601
6213
8001
6592
6582
4653
7986
3099
5750
7218
2651
821
8939
1168
8682
3405
1509
3361
2755
605
1723
4846
482
1687
7579
8704
4448
10
2072
9259
8927
9936
1814
1715
9920
522
5860
5439
3155
2729
3912
692
5168
9447
9526
530
6902
2080
4915
2359
7896
2631
5634
8264
7315
8526
8367
2472
8598
4080
592
6828
9142
7337
9290
4029
6582
7732
5536
8129
7580
6056
321
6452
8384
9114
8822
6974
868
4
2451
3260
3696
3166
828
4133
9608
4382
7761
6180
9553
1146
1545
9936
2651
3722
9927
9979
8353
1390
5562
3826
3770
9583
6566
9304
3096
9109
5416
2928
7635
4172
7718
1884
526
5981
4677
9200
5831
3325
63
9410
7262
5658
4682
8158
4266
200
920
2438
9174
9267
3168
7807
9776
4071
6970
279
9704
4873
7198
2007
2952
6922
5675
5514
9165
2274
5877
7564
3883
9850
7146
9405
8628
1991
6918
7724
6481
9971
6575
4016
586
2818
7222
1154
4213
3329
7462
9774
165
3021
4873
4218
6181
9776
4365
3732
8442
3895
8268
186
5783
2617
7148
8535
5897
2247
1434
7042
3717
228
3899
8526
5901
1440
7963
3996
9993
2728
9272
5213
7644
4470
6256
1601
543
7524
6367
6915
2740
5508
5605
2752
5807
2391
6741
6251
7756
6895
8192
6005
9635
5623
3986
1635
9329
5959
2436
7066
8156
3990
29
6911
1744
6302
7456
6044
4777
6652
6136
2788
6015
4798
5644
6917
5215
6856
2144
5217
2717
1480
5490
8587
6125
3115
6695
7622
4318
741
3983
1285
4558
2491
5249
2980
5589
6181
1221
5897
6695
2715
8721
4834
6219
2840
8177
8692
8791
5991
9393
2720
2117
2047
5632
2230
5324
8295
8927
4950
8453
2378
9216
4236
2452
3626
18
327
8647
358
8652
3515
5299
8367
9083
5155
7540
168
5601
6082
3288
3406
5675
2763
1558
1269
7465
3099
6346
5673
5032
3352
5934
5044
787
9606
7945
2065
9713
8151
79
7228
8701
127
9795
4756
2957
2441
5162
6550
1410
8612
373
1128
2168
3770
2905
4050
7928
294
9068
5833
1340
4473
9508
7272
2195
2441
8501
7125
7878
529
3181
1467
4451
1794
3367
5987
2272
4379
8955
2179
6513
142
93
9531
8134
5937
2834
5938
4541
701
8956
7810
7196
7077
8436
9811
6677
2923
4315
66
4904
6444
7401
3547
1761
3896
534
1200
5974
6636
8620
2695
8873
1658
8395
5789
9610
4225
4948
6414
4814
1241
5397
825
2574
9971
9398
7424
7154
1561
9866
6630
9837
4069
8746
2804
6349
3082
9306
6668
3289
545
6666
6161
2740
7791
8847
1686
872
2797
539
8588
6895
5577
9109
9696
2910
6457
6032
4370
2706
709
5539
3098
6668
3980
3175
540
7522
1212
7745
8013
4111
9462
360
2502
7572
9015
7733
5354
4213
6440
3238
1291
7756
5986
8449
9076
3050
5850
2408
3956
6385
3601
6243
9741
6073
6830
4069
9289
7747
1851
6654
9146
2040
5625
6199
477
6320
4872
9035
1908
3547
9113
9279
7442
6619
5509
5174
7424
8521
9071
9106
3965
6148
2728
7815
7242
4066
385
852
7708
6118
8878
9141
7463
1979
4170
5621
5920
7189
6139
4639
8989
7686
8118
6935
6753
7838
9121
7755
8059
1040
6445
7731
6205
8449
5068
6841
9676
7896
374
4173
5030
3602
8184
6481
9825
9517
5319
3498
4038
4788
5711
8048
4290
6150
1829
3430
96
4259
7353
9510
3175
7350
4961
6753
3688
7709
6689
7331
6182
3802
7880
5177
9680
6526
2097
7810
5887
2496
4367
754
4102
6704
7704
6079
8002
9046
8995
435
876
7841
3302
9290
3259
7658
6929
6817
777
3015
7465
3931
5691
5573
8447
968
6302
7501
8050
693
5616
8957
7614
9078
6100
2484
525
325
3575
4979
6007
9971
1164
7518
1725
1986
4021
2622
8108
9680
3247
2445
6363
1502
1322
6866
5515
457
3209
3907
8406
6830
8549
7144
9002
9641
9477
7061
5032
9923
3925
6525
1538
1373
9666
6981
217
9454
1707
4659
9750
3812
4331
9607
2342
2473
2665
2273
5691
3175
4652
2239
5614
502
3781
9862
1181
441
4939
8380
7089
6460
9259
7880
7625
1215
2200
7415
9554
7795
9174
8532
8820
3155
1025
3947
5379
9176
8035
6043
8582
2767
6346
3370
6999
3433
1807
2631
5145
4745
6271
5007
4755
8590
7561
4123
1249
6223
9632
2149
1750
8674
6271
7407
4878
5076
9111
9955
3830
3997
2091
356
9447
9817
8722
8094
4419
8776
218
1612
6571
9125
8692
4148
3410
9371
2161
2823
2509
3667
3039
2836
8228
8241
9199
9347
5451
1983
7646
5353
2797
6869
156
1216
3069
5852
1919
3338
3189
3155
8800
2178
6396
5634
9477
8560
6252
5924
9655
7304
538
6804
5851
239
2078
9509
5186
3319
2207
6054
8502
8010
7379
9934
3269
3492
8652
2464
3830
5193
7973
6189
961
3333
8395
8311
4174
3693
6984
9897
1066
4614
462
7966
4713
9959
904
180
9713
3586
7905
6013
4756
7007
3872
242
9971
6547
8876
8710
1451
5580
3000
1160
827
5530
2651
2609
5822
1757
6205
5187
8850
104
5938
291
3674
7941
7795
138
4369
3001
8832
9480
6180
5123
7356
2704
4206
3647
8710
4782
3743
7353
8151
7623
9466
8470
981
2196
4950
7063
5328
7515
6272
8970
2909
6888
5148
9701
2177
8202
5596
5611
9608
5553
697
3459
2018
9357
6974
2797
4428
4778
3194
811
261
3279
9570
3895
9321
1958
7367
3890
8045
5644
8598
4518
2037
4268
3446
9330
2431
5805
7731
1871
9776
6276
5513
3299
6040
2767
8450
4973
860
4351
905
2900
5509
2558
4186
4087
2879
4072
3706
9045
5718
1277
5505
6243
8754
5586
7635
9872
4482
923
7905
602
9780
2740
2588
2652
7263
2299
2208
1328
7
9163
1590
8177
1842
2045
7154
9440
6396
684
4372
729
9047
9847
5925
5937
4875
9163
1280
400
9599
2410
6228
5199
3536
2161
7751
8418
7890
9466
8387
3852
2891
8976
5122
8598
6594
4881
183
9707
5066
1266
2342
445
7558
7495
2078
2745
37
3387
3228
966
8924
3228
9614
9833
7827
9106
9101
8845
8261
5490
6050
1603
9579
5888
6916
4358
5986
247
4690
4447
5524
3818
8782
9869
2499
1120
7870
8299
2886
7510
5763
7394
5655
1163
9010
3056
8667
3605
9656
2704
9669
2700
5617
2740
7873
6012
5300
7646
4877
3645
1783
8367
7584
5655
8856
962
2567
9752
7234
2237
780
359
2729
381
8012
5788
3297
8380
7652
906
7515
397
9163
6170
8395
2273
1099
869
113
194
1006
1448
6166
1964
2086
2905
1405
1095
5472
5633
3764
8955
9568
3652
9448
1889
8753
5884
3021
1359
130
5617
123
2997
4565
7190
4090
9600
1812
1122
102
137
5007
3650
1103
633
49
694
8749
1967
332
3517
2658
6452
3952
9251
6666
4366
9993
6893
9363
9485
7401
9010
6888
4290
6223
8417
7483
6842
8208
6149
418
9030
1162
268
6653
5008
2152
2272
9677
9792
7695
5300
1229
3387
3904
6237
3648
9290
8807
2938
3485
3765
9599
1585
2723
2784
7412
8353
3910
8092
9891
510
1039
7025
6317
6602
8426
6881
181
5755
1617
8967
7699
420
7056
9371
7077
9210
1608
4292
3308
8689
9753
4494
6698
6257
1582
7898
8937
6998
1875
9761
4904
9203
7761
9658
106
8586
415
8655
4917
8259
5499
691
448
980
9866
2036
9829
6835
1131
7623
7570
8040
3655
7711
8844
1878
1525
2175
4600
4462
1954
3320
3674
3112
5196
8086
6344
4271
5030
1616
2743
5333
1667
1345
2307
6213
6238
2223
9333
1657
6811
6273
6636
565
3565
609
8842
9349
2824
578
5309
1067
5213
5840
8154
3882
4965
2214
7405
8776
8590
6829
5462
3538
4038
9399
5421
9417
2224
3183
3214
6866
6264
3498
9079
1316
3349
9322
5687
8096
7445
481
9861
8383
6887
1929
7304
6910
19
6331
4814
5623
9832
6822
1665
339
4512
9444
6348
9424
3570
1309
9093
5711
3159
3180
9920
5407
8698
1624
1144
6158
7655
6213
1724
8810
3099
3575
5664
942
9
95
9091
1469
5951
7068
9835
4035
8046
7500
4767
300
6237
2072
8927
8478
2891
3107
774
1519
4874
2515
6070
4976
5749
330
8621
132
8184
3931
8329
9449
6058
4067
6710
2558
7724
6622
1772
6454
9026
8295
3609
5833
6652
5773
1132
6257
3971
2185
1093
184
9093
3769
925
3812
6622
8028
6118
3143
1320
3901
3588
7961
6035
1988
7501
9483
6442
3192
8786
33
2024
4336
1271
4493
9958
1896
4798
5227
2014
2753
2031
9316
8236
8196
4782
6668
9490
8363
1998
1137
8817
7478
2722
264
7893
1180
6948
8552
6257
9682
8044
2839
3469
8506
7168
3423
702
8478
756
3218
240
3943
3326
9531
4982
1310
838
4712
254
159
1562
7361
6447
328
3765
8842
7491
8844
3588
2637
3771
8003
6442
9833
9009
6878
6590
4032
2767
3240
376
203
8832
5538
1533
2305
7712
9663
3576
6999
4336
2764
5215
2769
5903
2149
6942
2106
5299
3359
7656
2045
9428
1651
6824
7651
6457
2429
7252
8979
8956
6326
759
3262
5145
8382
1439
3703
3860
6481
9725
4278
9052
6916
4750
6055
5892
3570
5168
818
1762
8394
1746
7320
2219
3648
9434
6241
7651
6824
5055
7785
3158
3232
4745
5872
1098
2436
1213
5596
3350
4507
4295
7308
7637
8216
3539
9862
4139
9677
4775
7228
6576
6244
4628
5194
664
8053
2740
5492
9719
7420
3262
4393
9777
3553
7782
3446
5001
6234
7646
6930
3676
2184
2047
2809
8158
1404
9329
988
879
4067
1935
8322
7166
118
3448
4180
1252
1260
991
2859
6747
1276
2531
4676
5697
1129
959
2581
1391
1959
7823
3691
4482
1688
8877
4148
3433
6564
1102
2068
5011
6485
492
317
9557
546
2053
9165
1264
3065
7259
9182
5418
9604
4385
1778
8181
48
1763
8701
4779
1119
2752
2910
3196
9113
8202
7353
2010
1089
2772
6513
5011
632
9121
82
4001
1389
9149
7874
3631
3576
4533
6360
8298
9433
7146
4855
7224
9567
4977
9445
2512
5623
6073
7815
353
1019
4561
6624
4331
3424
282
9614
1447
840
1965
5839
552
4314
6851
6819
995
7493
6418
8970
6212
1614
3825
1499
7876
6114
6521
5166
5577
6741
3035
7154
636
9121
4533
703
9968
8849
757
198
656
7893
6220
7516
2199
5990
3582
65
3098
6993
6317
9792
2522
6219
3641
1038
3763
8698
3047
2753
4307
8857
447
8796
5079
5378
500
5618
2149
3277
8769
8442
3789
5963
7424
6776
3192
5192
6624
1932
3803
6189
4845
9916
22
6478
5356
6643
2879
5514
2163
2349
61
8640
4630
3183
2630
2188
5118
1339
6912
1625
7870
55
8927
1421
752
6624
6756
826
9032
8422
666
4123
2325
6238
7243
1251
189
5279
7460
1430
5148
7725
7361
7431
6508
823
2911
9447
35
2058
7988
2950
5289
704
5407
3940
760
5931
1112
7524
4375
3794
5117
4869
2073
8536
993
5086
7094
7832
5380
3251
8250
6295
8369
3894
2604
2891
8412
5328
6334
9304
9161
5886
8210
9096
2396
1193
2433
9518
3805
3584
1330
785
2767
1029
1652
910
6696
9942
6087
2506
8821
4977
1274
8236
2552
4451
9727
6158
2438
7690
9770
7286
57
6828
8246
3143
9418
9959
8453
5258
1782
3802
9480
9326
8323
6058
1920
1313
4877
6031
3155
8856
4389
4463
3452
3812
7857
809
2293
6165
7578
5888
4615
9486
4161
5633
9168
2381
520
5397
2570
8675
8575
3627
9269
7128
6344
81
5198
2334
8672
3165
4748
9959
5385
4624
380
5794
244
4138
1913
9170
8675
2245
1799
8810
2303
8905
3789
862
2952
3409
3380
6866
6994
7094
1722
2443
9085
6573
7630
9959
727
6212
7382
4417
7634
3070
7847
8420
4844
1189
8412
9257
5124
9185
1895
6271
4171
9939
2883
9447
4070
551
2210
1263
5931
5180
5830
6893
3528
8852
3770
3340
1435
8605
4213
5685
2276
9807
4946
8628
4148
8822
8640
6228
2696
4947
7374
9553
3823
202
3728
9707
9868
2854
9171
8605
1078
9800
8577
4769
7460
2023
6158
7331
7304
8320
410
1566
2144
5137
8956
5088
1563
120
4628
91
9078
2018
5046
5148
7320
7965
2123
6652
2988
1900
6980
4600
2988
5889
2952
5324
7801
7103
5581
7675
192
5199
7293
1712
7042
1621
1472
8259
8441
5334
2116
3749
9324
3793
8800
4991
1463
6085
2007
3876
5654
4750
6180
5491
8335
3350
8178
8320
8064
6470
3865
8679
1843
2941
2451
594
1789
4718
4044
8586
354
1734
8103
3816
8939
8467
9691
329
2266
960
9661
1468
8345
5138
9749
6061
8809
6987
6576
3570
896
7725
8153
2025
115
1424
7414
7807
6599
3655
1228
2811
7667
4385
1401
3993
2921
2659
7285
6521
4860
3177
3634
3764
9235
9492
3617
1243
2394
9747
6830
8647
9428
8471
7726
5042
9283
7985
937
4389
1106
5036
6605
556
8936
7258
1096
4915
8639
2736
7229
2389
5625
5513
6751
4709
4976
5639
2506
795
1048
6387
312
3600
7619
6121
3692
6457
3899
9252
5857
8783
7575
5416
1768
5571
4961
1615
4902
9859
1273
1492
2360
2902
7812
9395
992
8426
8066
175
6594
2476
3286
8832
4653
793
9447
6902
768
2565
6027
6430
655
1363
9160
8180
24
1201
9947
7622
967
9035
4710
2745
6451
1030
9068
9654
2442
6291
1721
4018
4403
8750
857
5430
3807
5992
5223
3330
5194
7234
2815
331
7259
4512
8773
5735
5059
323
4242
341
1861
1656
2617
3825
2895
4766
5658
2588
5508
2882
3641
3727
5298
3526
5932
3209
1559
8415
1530
8279
2047
298
8841
929
1209
2037
1755
6271
7631
9849
83
9007
3752
1666
1835
6254
5031
4690
9306
3286
5320
1169
2597
7263
5044
2431
554
3313
8857
9750
3214
3919
7367
5402
8081
2047
8791
6454
7516
4614
7970
9563
9416
4351
4482
7834
6349
9847
144
9864
9168
766
7709
4286
7798
6227
153
1813
2652
561
3129
1501
1114
5937
4626
6234
1326
6312
9589
1442
2913
6485
5850
9619
4740
9770
8638
1945
5524
8347
7088
7112
9362
7336
2228
8685
9330
6245
6424
9456
1414
4920
8467
7999
661
2033
8040
7812
8255
9286
4218
3410
9447
4133
7667
6592
4416
414
7101
1602
588
171
3893
3231
5186
6940
6117
4977
199
4718
3676
7815
4618
2528
3752
6724
8001
3417
3421
7694
4324
6659
6466
6618
2573
4915
1170
9850
6387
4166
5843
2058
4038
1344
8598
7823
4863
5717
8871
8320
3370
8084
408
4573
1864
1186
575
3765
6182
8969
5218
8531
197
7153
7066
8546
3858
461
4481
5273
3707
9730
5053
5938
713
3395
3247
6780
8989
9872
6251
9200
9656
5542
9081
3446
4002
8330
2150
3431
6724
4788
322
3390
293
5220
1458
6193
8436
4775
6462
5707
1611
1960
2767
6281
9916
8495
6107
4303
2567
2835
7415
3462
1691
7570
343
6902
7966
5781
6121
5886
4782
9079
277
5611
3319
6631
6080
9200
9668
3039
6925
8381
5155
5800
6558
3770
4549
4572
5515
7543
4150
4988
1716
9908
3997
2566
8372
9010
1514
954
7522
831
4456
7060
6972
9393
1833
2318
2164
5079
9200
7040
7259
9866
3196
8391
1321
808
6335
4585
7668
9579
2917
6320
1422
9554
2610
8289
733
6048
3876
6325
6133
6875
1795
7487
1818
519
1387
9235
3240
3471
7630
302
446
8560
8256
6079
4592
1605
2766
1630
9897
4731
685
836
6280
9149
6334
1267
504
9075
484
9829
7275
3251
3435
9583
9144
1946
2509
6905
152
6054
5897
1375
4010
9392
473
1437
9927
9850
9744
9265
7543
4498
1166
9020
4142
8639
7791
4341
2637
5783
4285
9254
6351
4235
917
7642
4559
2584
6474
5788
3257
6392
8487
1903
5333
6453
8424
5596
7276
2767
8995
1754
8904
9021
8933
2436
7712
433
1604
6833
6704
9251
170
3770
7401
6069
2676
7734
867
9651
9773
6510
3699
6902
6340
4566
9716
2879
3591
2776
2529
3802
9807
9225
8101
176
5707
9938
1217
7807
8378
5620
5753
9835
3893
5007
4720
5959
9623
6747
9262
1618
8990
7068
2241
2215
1185
7491
4572
947
9410
7669
1930
5569
9289
4879
569
5608
1111
595
3338
8850
9033
1680
3085
8620
941
8069
2695
1699
8868
4413
6227
5095
3922
2705
1141
7676
2227
6158
5621
5089
858
2473
3194
3339
8400
9210
582
5710
8933
6396
8324
8577
7623
7008
8904
9764
4991
31
4473
8689
1848
3890
6073
4296
7317
1059
1312
4788
6273
5174
1643
7095
4946
7547
7538
9523
1064
1693
558
1576
3661
557
4878
4779
5007
3776
3409
3527
2882
8103
8395
5779
4494
8866
1653
8650
5121
6677
107
6027
5004
1524
3757
1578
1841
5497
4038
6604
3260
386
911
1793
6808
6252
3656
3326
5021
646
7073
4093
185
2849
3652
5781
9777
6392
9996
574
3052
1822
3101
248
6221
3380
9050
5148
6430
1331
2129
2956
8013
2899
4821
7896
7767
43
2352
1101
5068
7320
1436
3904
6235
208
5989
9669
689
6854
3325
3737
5194
657
2664
76
3100
9531
1462
3724
3177
3339
6387
9569
4612
469
6783
2499
3102
2830
2831
7175
9451
3681
3158
2749
8796
653
9988
3100
6940
412
6591
9668
3520
1493
7837
7121
1117
6704
2380
2651
8055
4584
5742
3157
5004
2406
3517
2729
9076
3796
8010
8667
9738
4784
6661
8542
6514
3526
476
7647
6525
1283
77
8523
7068
3742
7287
8084
9955
3023
8368
9556
5342
1365
3658
5621
2191
9756
6211
6485
431
2784
6225
4094
117
8415
3646
9109
1849
5753
7253
8291
9028
4814
6935
131
4460
8035
7106
151
296
4142
1236
710
8311
1460
6410
9262
2515
1866
3209
8040
5625
6970
3696
5963
4717
8536
5007
3036
3098
3509
1701
4017
1575
6600
3767
1244
7077
9703
6752
6661
8237
9745
8391
3556
8710
8286
458
3249
9179
800
8076
8613
5673
4292
9452
2149
9485
5092
8848
3732
6825
9866
6362
4585
4494
505
3538
4384
1970
9127
8660
8139
6418
7315
9059
1890
2266
6394
6452
4745
3368
8487
7493
1005
4111
4462
8891
8803
2744
3636
6725
5632
1887
2247
5036
6854
8193
2444
3463
7807
4640
4640
8991
8822
8878
3249
2769
9199
4135
6689
5277
4640
9555
7893
2132
2192
7886
9516
1660
3052
12
1370
9550
6682
8855
1786
4712
5544
4584
798
13
649
2386
8544
5429
511
1306
274
6040
1386
6527
6245
8244
8324
6912
9968
6841
3904
2226
9966
972
1360
4362
129
2116
3056
6987
2950
3255
6718
7299
7665
1747
4139
7177
8955
9893
9405
5736
6410
3196
7293
8557
628
7445
6547
9731
5818
8298
1537
2047
5036
3229
3720
53
6037
3299
6862
5131
2058
6497
5537
5634
2030
7763
8544
3419
1936
3042
5536
7202
9763
8012
7763
8174
5073
2835
9393
7619
7258
1940
6659
9339
413
979
5348
7570
2117
5324
9462
7827
5076
8552
9600
3391
2032
173
601
6552
4299
6797
6439
9715
1767
3512
6072
7885
3740
2441
4168
4062
6444
8007
5418
7589
6287
7353
7913
3495
873
9432
3908
3019
9892
6570
3728
7365
607
7013
8344
1043
8228
6353
9795
6243
8651
8129
4920
4873
7462
6619
7837
6508
2071
8878
1619
4653
8296
4885
2078
2428
3236
9663
9251
3655
9084
429
3110
2980
2914
9456
85
7861
1824
3847
6161
2667
6849
2510
4035
2406
6241
8936
2073
9536
8644
9369
7242
1902
6189
2336
3582
2750
6457
5235
6635
411
233
3767
8549
3913
4044
1425
1178
2936
8243
1610
9383
7465
6045
2997
2091
6072
8864
8007
7104
775
4986
2333
4166
3657
3895
3579
2012
4820
865
4292
6596
5117
6509
5128
7045
970
1444
573
2840
9815
164
9322
7201
6213
2659
7659
5124
395
8842
5879
4296
8937
1642
791
3175
3424
5685
1311
7999
3933
1115
9345
1944
5491
6031
2975
797
5574
6842
141
6037
3637
2494
9745
8679
1933
8798
4587
6915
9680
515
3726
5508
5566
4428
6462
6631
5260
926
8610
2200
634
2797
8490
2666
6822
9606
9805
2386
6245
3493
5386
4541
7689
6062
9291
2667
5731
6853
4794
5492
9045
9500
1333
732
6224
4493
7084
7197
7831
6552
6150
4001
7988
139
3542
1779
1985
3143
8532
2281
3798
7008
3530
8323
2637
5109
2830
3638
998
7200
4082
8086
2166
4880
964
6710
7966
912
4486
5587
4108
9947
9942
4670
6210
8540
3289
32
2078
1044
4455
8064
6080
2704
2785
9980
8385
9718
5001
342
5151
861
8387
9938
9344
2284
9632
9800
27
4973
5763
6135
1609
3410
2743
4986
3818
1689
9777
5092
5481
8491
7834
7589
8983
4461
8193
7177
6813
3240
7256
9057
2543
7183
9010
5595
8577
8957
7112
4632
746
6794
8010
7419
1628
672
5374
1325
7821
1085
7673
3498
8803
7704
2175
3858
3913
4518
3320
9718
8450
1504
379
5983
9866
6067
7332
2840
299
7652
7324
5867
763
9795
8630
2130
1569
537
8626
3218
3826
234
7463
7393
5945
9026
3157
9108
8153
2952
140
7394
6344
555
2344
2980
6630
5809
8546
2666
7032
9926
8395
3273
5353
4186
1649
6234
1752
7040
7751
6833
6244
9341
9766
996
9430
2059
1803
930
4683
9918
4456
1859
5480
478
8289
7367
8710
4885
8287
8430
3858
918
6121
7520
1671
9399
