665
452
173
480
634
8
997
859
633
586
272
963
491
219
740
99
74
974
876
613
153
467
853
528
4
222
449
561
881
190
575
482
75
879
651
880
745
859
830
48
467
695
988
498
439
359
688
253
882
307
403
831
200
420
674
142
570
539
166
683
989
433
187
339
16
420
831
193
387
307
209
460
570
398
573
695
610
921
763
879
362
325
22
622
37
632
818
122
107
230
919
598
450
325
127
932
94
596
428
853
716
580
126
538
202
63
722
778
312
418
830
513
201
773
281
860
52
84
361
557
673
764
970
463
931
904
574
538
936
604
259
670
970
577
976
505
452
119
325
707
460
392
630
555
675
527
598
180
85
987
492
855
253
547
429
396
959
821
128
865
580
184
217
959
448
247
520
673
336
259
476
573
939
646
924
259
812
875
549
69
928
987
460
113
667
225
988
209
198
670
485
857
558
262
743
197
25
362
252
777
685
485
668
135
646
997
882
767
575
547
28
928
313
59
487
169
320
292
228
163
186
339
626
524
850
637
767
450
732
794
496
32
935
347
312
767
792
963
13
778
101
462
77
962
98
447
251
133
938
281
670
598
496
449
3
433
371
447
609
500
520
814
706
542
709
374
659
185
798
598
168
79
978
538
228
199
633
699
254
936
831
362
537
956
225
962
598
136
684
593
840
852
746
690
424
130
66
701
651
641
637
987
937
832
630
547
86
273
120
623
553
18
70
340
962
348
604
97
570
896
688
851
856
472
161
53
638
260
165
96
141
73
225
699
746
175
849
798
93
670
652
453
151
593
243
312
398
43
830
630
904
399
934
973
850
289
558
679
699
238
865
49
594
57
82
392
528
784
788
194
859
694
148
990
940
498
1000
666
982
667
625
310
513
928
289
91
974
697
744
464
868
856
414
525
835
840
112
586
570
956
274
666
940
722
125
325
599
889
824
837
934
788
258
666
798
527
50
666
824
524
105
559
792
791
498
320
580
785
703
131
386
316
359
273
55
861
452
172
938
743
629
209
732
640
911
482
476
517
919
618
826
562
835
448
979
51
254
196
599
506
559
319
123
40
570
209
339
985
262
262
586
505
143
861
11
699
570
639
41
154
274
979
435
124
905
726
753
763
316
586
418
939
522
887
737
439
339
610
225
515
116
664
652
181
362
480
852
542
555
56
310
744
140
235
336
586
367
514
492
906
634
420
343
36
44
525
795
255
955
465
164
21
482
110
521
875
482
189
170
517
371
716
179
344
682
849
955
784
968
277
27
396
609
17
562
580
678
777
177
12
111
522
448
791
518
46
798
319
810
553
498
971
846
307
409
837
453
9
756
812
759
398
990
753
609
694
259
631
794
678
602
857
518
403
881
614
10
33
322
936
709
152
586
156
944
20
435
773
969
147
651
129
557
157
783
625
707
987
398
301
610
865
486
159
574
703
883
302
409
260
522
460
973
745
936
15
262
679
634
549
707
24
289
830
623
622
835
272
221
225
683
235
76
104
134
668
580
301
221
237
962
178
814
625
726
931
631
103
467
975
448
778
343
586
824
496
944
219
6
936
7
29
668
467
936
252
880
485
312
34
665
217
464
192
457
921
149
703
887
100
634
54
290
924
457
703
939
217
919
953
429
527
1000
61
115
299
371
527
80
38
868
158
609
896
785
697
90
625
487
225
641
542
58
876
491
651
255
387
865
201
465
167
118
361
31
927
825
524
514
621
251
238
901
146
232
217
1
195
594
277
737
313
700
45
633
927
978
839
83
171
117
928
946
399
65
824
207
132
753
872
685
575
602
940
953
114
664
575
71
23
975
138
846
834
982
830
424
144
150
639
832
35
778
539
538
348
614
472
207
42
68
452
81
162
610
486
174
403
989
243
515
839
522
62
851
463
92
60
911
756
258
47
901
638
880
2
188
537
618
906
810
598
403
818
795
630
860
547
969
684
830
39
968
102
312
228
386
767
646
883
696
322
629
668
428
835
785
307
646
859
831
64
109
496
139
700
371
106
905
940
347
935
675
596
632
580
30
230
621
5
160
228
292
577
137
570
176
72
678
387
932
896
626
88
678
215
919
460
289
976
586
462
558
78
821
182
558
659
981
485
344
889
706
387
785
237
896
826
290
701
328
299
690
460
155
19
215
617
67
673
617
89
183
872
542
561
973
367
506
740
627
855
759
312
658
420
764
95
121
783
145
825
633
500
202
521
232
222
973
414
696
340
937
707
981
191
753
374
971
946
108
880
682
834
939
673
674
613
247
640
328
658
627
302
570
87
26
14
524
985
