1
2
3
4
5
6
7
8
9
10
11
12
13
14
15
16
17
18
19
20
21
22
23
24
25
26
27
28
29
30
31
32
33
34
35
36
37
38
39
40
41
42
43
44
45
46
47
48
49
50
51
52
53
54
55
56
57
58
59
60
61
62
63
64
65
66
67
68
69
70
71
72
73
74
75
76
77
78
79
80
81
82
83
84
85
86
87
88
89
90
91
92
93
94
95
96
97
98
99
100
101
102
103
104
105
106
107
108
109
110
111
112
113
114
115
116
117
118
119
120
121
122
123
124
125
126
127
128
129
130
131
132
133
134
135
136
137
138
139
140
141
142
143
144
145
146
147
148
149
150
151
152
153
154
155
156
157
158
159
160
161
162
163
164
165
166
167
168
169
170
171
172
173
174
175
176
177
178
179
180
181
182
183
184
185
186
187
188
189
190
191
192
193
194
195
196
197
198
199
200
201
201
202
202
206
206
213
213
214
214
215
215
215
215
216
216
217
217
217
217
223
223
223
223
224
224
224
224
225
225
228
228
229
229
233
233
237
237
240
240
241
241
241
241
242
242
242
242
243
243
247
247
250
250
250
250
257
257
260
260
260
260
262
262
265
265
267
267
267
267
267
267
267
267
269
269
272
272
273
273
274
274
274
274
277
277
278
278
278
278
278
278
280
280
281
281
282
282
286
286
286
286
292
292
292
292
293
293
296
296
297
297
298
298
298
298
301
301
305
305
311
311
313
313
314
314
314
314
316
316
317
317
325
325
337
337
343
343
344
344
344
344
345
345
345
345
346
346
347
347
349
349
350
350
351
351
352
352
353
353
354
354
354
354
356
356
358
358
361
361
367
367
367
367
371
371
371
371
376
376
376
376
378
378
379
379
380
380
382
382
387
387
388
388
391
391
392
392
392
392
397
397
398
398
401
401
404
404
404
404
408
408
410
410
417
417
417
417
419
419
427
427
428
428
428
428
429
429
434
434
434
434
441
441
443
443
443
443
443
443
444
444
444
444
444
444
451
451
453
453
454
454
456
456
456
456
457
457
461
461
465
465
465
465
466
466
467
467
470
470
472
472
473
473
474
474
478
478
482
482
485
485
491
491
491
491
494
494
495
495
497
497
497
497
499
499
500
500
501
501
505
505
506
506
507
507
510
510
510
510
512
512
513
513
513
513
516
516
516
516
519
519
519
519
521
521
525
525
528
528
532
532
533
533
535
535
542
542
543
543
545
545
551
551
551
551
559
559
561
561
561
561
578
578
582
582
583
583
585
585
587
587
587
587
592
592
593
593
595
595
600
600
608
608
608
608
609
609
612
612
613
613
614
614
614
614
615
615
616
616
616
616
617
617
617
617
618
618
622
622
625
625
630
630
631
631
632
632
632
632
633
633
637
637
637
637
640
640
647
647
651
651
653
653
653
653
661
661
664
664
664
664
665
665
668
668
671
671
672
672
672
672
673
673
673
673
676
676
678
678
680
680
680
680
681
681
687
687
687
687
689
689
690
690
691
691
692
692
693
693
695
695
698
698
700
700
701
701
702
702
706
706
707
707
707
707
713
713
713
713
715
715
715
715
716
716
716
716
719
719
722
722
723
723
726
726
729
729
730
730
731
731
731
731
731
731
732
732
734
734
735
735
735
735
736
736
737
737
738
738
738
738
738
738
742
742
743
743
745
745
746
746
752
752
753
753
753
753
753
753
753
753
755
755
755
755
756
756
759
759
759
759
762
762
763
763
765
765
767
767
767
767
768
768
768
768
769
769
773
773
774
774
781
781
783
783
787
787
787
787
789
789
789
789
791
791
791
791
794
794
795
795
796
796
799
799
799
799
799
799
802
802
807
807
808
808
816
816
821
821
824
824
825
825
828
828
840
840
841
841
842
842
850
850
850
850
855
855
856
856
858
858
863
863
863
863
864
864
865
865
867
867
867
867
869
869
869
869
871
871
872
872
875
875
876
876
878
878
878
878
880
880
881
881
883
883
886
886
887
887
889
889
893
893
895
895
896
896
897
897
899
899
903
903
908
908
908
908
909
909
910
910
911
911
912
912
913
913
916
916
920
920
922
922
924
924
924
924
928
928
928
928
930
930
931
931
935
935
939
939
939
939
940
940
940
940
940
940
942
942
944
944
944
944
944
944
945
945
945
945
945
945
948
948
950
950
953
953
953
953
955
955
955
955
957
957
957
957
958
958
959
959
971
971
973
973
977
977
978
978
978
978
979
979
979
979
981
981
985
985
987
987
993
993
999
999
999
999
999
999
