2
2
3
4
5
6
7
8
9
10
10
11
11
11
12
13
13
14
14
14
15
16
16
17
18
19
20
21
22
23
23
24
25
26
27
28
29
30
33
34
34
34
35
36
36
37
38
39
40
44
45
46
47
48
49
50
51
51
52
53
54
55
56
58
59
61
62
62
63
65
66
67
68
69
69
69
71
73
75
75
76
77
78
79
79
80
80
81
81
83
83
84
87
87
88
89
90
93
94
95
95
96
97
99
100
101
102
104
105
107
108
108
109
110
111
113
113
113
114
115
116
117
117
118
119
119
120
121
122
122
123
125
126
127
128
129
129
129
129
130
131
131
133
133
133
134
134
135
136
137
138
138
139
140
141
141
142
143
144
145
145
146
147
148
150
151
152
153
154
155
155
156
156
157
158
159
159
160
161
162
163
164
165
165
166
168
169
170
171
171
172
172
172
172
173
175
176
176
177
178
178
179
179
180
181
182
182
183
184
184
185
186
187
188
189
190
191
192
194
195
197
197
198
198
199
199
200
201
202
204
204
205
206
206
206
207
207
209
210
211
213
215
216
217
218
219
221
222
223
224
225
226
226
228
228
229
230
230
232
233
233
234
235
236
237
238
240
241
242
244
245
246
247
249
250
251
252
253
255
257
257
258
259
259
260
262
263
264
265
265
266
267
268
269
270
271
271
271
272
273
278
281
283
287
288
289
290
290
290
291
292
293
294
294
295
296
298
298
299
300
303
303
304
305
306
307
308
309
310
311
312
313
314
315
315
316
317
318
318
319
321
324
325
327
329
329
331
332
333
333
334
335
336
337
338
341
341
342
343
343
344
345
345
346
348
349
349
350
350
351
352
353
355
356
357
358
359
360
361
362
363
364
365
366
367
368
368
368
369
371
371
372
373
374
375
376
377
378
379
379
379
381
383
383
383
383
384
385
386
388
389
390
391
394
395
397
397
397
397
398
398
399
399
399
400
401
402
403
404
405
406
408
409
410
412
414
414
415
417
418
419
420
421
422
423
424
424
425
426
426
427
427
428
429
429
430
431
432
432
433
434
434
435
436
438
439
440
440
441
442
444
445
445
446
447
448
448
450
451
452
453
454
455
456
457
458
459
461
462
462
463
464
466
466
467
467
471
472
473
474
474
475
476
477
478
479
480
481
483
484
485
486
486
489
489
489
491
492
495
496
497
498
499
500
503
504
504
508
508
509
510
511
512
513
514
515
515
517
519
520
522
523
524
525
526
526
527
528
530
531
532
534
535
536
536
538
539
540
541
542
544
545
545
545
546
546
547
548
549
550
551
552
553
554
554
555
556
556
558
559
560
561
563
565
565
566
566
568
568
571
572
573
575
578
578
579
580
582
583
584
585
586
587
588
589
590
591
594
595
595
596
596
596
597
598
599
600
601
602
603
604
606
608
609
610
611
612
613
614
615
616
617
618
619
619
624
625
626
627
628
629
630
631
631
633
634
635
636
637
637
639
640
641
642
643
645
646
648
649
650
651
652
653
654
655
656
657
658
658
659
660
660
662
663
664
667
667
670
671
672
674
677
677
678
679
683
685
686
687
688
688
689
690
694
696
697
697
698
700
701
702
704
706
707
708
709
710
711
712
713
714
714
715
717
718
719
721
722
722
723
724
725
727
730
731
732
733
734
734
735
736
737
737
739
740
741
742
743
744
745
746
747
747
748
749
749
750
751
752
753
753
754
755
756
757
757
758
759
759
760
760
760
763
763
764
765
766
767
768
770
771
773
774
775
775
776
777
778
779
781
782
783
785
787
787
789
790
790
792
793
795
795
796
797
799
800
801
802
803
804
805
805
807
808
809
811
812
814
815
816
817
819
820
820
821
823
824
826
827
827
827
829
829
830
830
831
831
831
831
832
834
834
836
836
836
838
839
840
841
842
843
844
845
846
847
848
848
849
850
851
851
852
853
854
854
856
857
857
858
859
860
861
862
863
863
864
865
866
868
870
873
874
874
876
877
878
878
879
880
881
882
883
883
883
884
885
885
886
887
888
889
891
892
893
894
895
897
898
899
900
901
902
903
904
905
907
907
909
909
910
911
912
912
913
914
915
916
917
918
919
921
923
924
925
925
926
927
927
928
929
930
930
931
932
932
933
934
934
935
936
937
939
940
941
943
944
945
947
947
948
951
952
953
953
954
956
956
958
958
959
961
961
964
964
964
964
965
966
967
968
968
969
970
973
974
976
977
979
979
980
981
982
984
986
987
988
990
990
991
992
993
994
994
995
996
997
998
998
999
1000
