1
1
2
2
3
5
7
7
8
9
12
13
13
14
14
16
20
21
22
23
24
27
28
28
29
31
31
33
33
36
37
37
38
38
38
39
39
42
44
45
45
48
48
50
51
51
52
53
53
54
55
57
59
60
60
60
61
62
62
62
64
65
66
66
66
67
69
72
73
73
74
74
75
77
78
78
78
81
82
82
85
86
87
88
88
90
90
91
92
94
94
95
96
99
101
103
103
103
103
105
106
106
107
107
107
109
109
109
110
110
110
111
114
114
115
115
119
121
123
124
125
125
126
128
128
130
130
130
130
130
132
134
136
139
139
139
141
142
142
145
146
146
148
149
150
150
152
154
156
156
156
157
157
160
160
160
161
163
164
165
165
165
166
167
173
175
179
180
183
184
186
186
186
187
187
189
189
190
190
192
192
193
193
194
194
194
195
198
199
203
204
204
207
207
208
210
210
210
215
215
215
216
216
217
220
221
221
222
223
226
227
229
230
230
231
231
232
232
232
233
233
234
235
239
240
241
242
242
245
246
247
248
248
249
249
250
250
250
251
252
253
255
255
256
257
258
259
259
259
260
260
261
261
261
262
263
264
264
266
266
267
267
270
270
275
275
276
277
278
279
280
280
282
282
283
283
285
285
286
288
290
291
293
294
295
296
297
297
297
298
301
302
303
303
303
304
305
305
308
309
309
309
309
309
311
311
312
312
312
313
313
316
317
317
317
319
320
321
321
326
327
329
329
330
331
332
333
336
338
338
339
341
342
342
343
344
344
344
347
348
348
348
348
350
350
351
353
354
355
358
359
361
361
362
362
363
366
369
369
373
374
374
374
375
375
376
376
376
377
378
378
379
379
384
387
388
389
390
395
396
396
397
397
399
402
402
408
408
409
411
413
413
414
415
416
418
418
419
419
420
420
423
423
425
426
426
429
431
432
432
432
434
438
439
440
440
440
441
442
443
445
446
448
448
448
448
449
449
450
450
453
455
455
455
455
456
456
456
457
458
461
461
463
463
463
463
464
464
465
465
466
466
467
467
467
468
469
470
473
474
474
477
478
479
479
481
481
481
481
481
482
484
484
484
485
486
486
487
488
489
489
490
491
491
491
492
492
492
492
496
497
497
498
502
503
503
504
505
506
507
508
509
510
512
513
514
515
517
517
518
520
520
520
521
521
521
521
523
523
523
524
525
526
526
527
528
529
533
534
534
535
537
537
538
538
539
541
542
544
545
546
546
549
549
549
549
549
552
554
556
557
558
559
559
562
564
565
567
569
570
570
571
572
573
573
574
576
579
579
579
581
583
584
584
587
589
591
591
591
595
595
596
596
597
598
598
599
600
600
602
602
604
605
605
606
607
607
607
608
609
610
610
610
612
612
613
615
615
615
615
615
616
619
622
623
623
624
624
627
628
628
628
630
630
631
632
639
640
641
642
643
644
644
645
645
645
646
647
648
648
648
649
651
652
652
652
652
653
656
658
659
659
661
662
664
666
666
666
668
669
669
669
669
670
672
673
674
674
678
680
682
684
684
686
686
687
687
688
688
689
689
691
694
694
694
696
697
699
700
701
701
701
702
703
705
706
707
708
709
709
711
711
711
711
711
711
712
712
713
714
716
718
719
720
720
722
722
722
724
725
726
727
728
728
730
732
733
733
734
735
736
737
738
739
740
743
744
744
744
745
745
747
747
748
748
748
749
750
750
752
757
757
757
759
761
762
762
762
763
765
767
767
768
769
772
773
773
774
774
775
775
776
778
778
778
782
782
783
784
786
786
788
789
790
791
793
793
797
797
798
800
800
801
802
804
805
805
806
809
809
809
809
810
810
811
811
812
814
815
815
817
818
819
819
820
820
820
820
821
821
823
825
827
828
828
830
831
832
833
833
835
835
836
837
838
838
840
842
842
843
843
844
846
847
847
849
849
849
849
850
850
850
850
852
853
853
854
856
856
857
857
858
858
858
859
859
861
862
862
863
863
864
864
865
865
867
872
875
878
879
880
880
881
881
881
882
884
884
884
884
885
885
887
888
889
891
891
892
892
893
896
897
898
900
904
904
904
908
909
912
914
916
916
916
917
917
917
918
918
918
919
920
920
921
925
927
929
930
931
933
934
935
935
935
935
938
938
939
939
940
940
941
941
942
942
942
943
943
943
943
944
944
946
947
948
950
951
953
953
954
955
956
957
958
958
959
960
960
961
968
969
971
971
972
972
972
975
975
976
977
978
978
978
980
981
982
983
983
983
985
985
985
986
986
986
988
989
989
991
991
993
994
994
996
998
999
999
999
1000
1000
1000
1000
1001
1001
1003
1004
1008
1009
1010
1010
1012
1012
1013
1015
1017
1018
1021
1021
1023
1024
1026
1026
1028
1028
1029
1031
1031
1032
1032
1033
1033
1037
1038
1038
1039
1043
1043
1046
1046
1049
1049
1050
1051
1052
1052
1056
1056
1058
1060
1060
1062
1064
1064
1065
1065
1065
1066
1067
1067
1068
1069
1070
1070
1070
1072
1072
1073
1073
1075
1075
1076
1077
1079
1080
1080
1084
1084
1084
1084
1086
1086
1086
1091
1093
1093
1093
1094
1095
1095
1095
1096
1096
1096
1097
1098
1098
1099
1100
1101
1102
1102
1104
1104
1105
1106
1107
1107
1107
1108
1108
1110
1110
1110
1111
1112
1113
1116
1116
1116
1117
1117
1117
1119
1120
1121
1121
1122
1122
1122
1123
1123
1125
1126
1127
1128
1132
1136
1136
1137
1137
1139
1139
1139
1140
1140
1140
1143
1144
1144
1145
1146
1146
1148
1149
1150
1150
1150
1151
1151
1153
1154
1154
1155
1156
1160
1160
1161
1162
1163
1163
1164
1165
1166
1166
1166
1167
1168
1170
1170
1170
1170
1172
1172
1173
1174
1175
1175
1176
1177
1178
1179
1179
1180
1180
1182
1182
1182
1188
1190
1193
1194
1195
1196
1197
1197
1198
1199
1199
1201
1203
1203
1206
1207
1207
1207
1208
1208
1209
1210
1210
1212
1213
1214
1214
1215
1215
1216
1217
1220
1220
1221
1222
1224
1225
1225
1226
1226
1230
1231
1231
1233
1233
1235
1235
1235
1237
1239
1240
1241
1241
1242
1246
1247
1247
1247
1248
1250
1251
1251
1252
1252
1253
1253
1253
1253
1254
1257
1257
1257
1258
1259
1260
1261
1262
1262
1264
1266
1267
1267
1269
1270
1271
1271
1273
1274
1274
1276
1277
1279
1280
1281
1281
1284
1285
1285
1290
1290
1290
1290
1291
1293
1294
1295
1296
1297
1297
1298
1299
1299
1299
1300
1300
1300
1300
1301
1302
1304
1304
1305
1306
1306
1306
1308
1308
1309
1309
1309
1311
1312
1313
1313
1314
1314
1315
1316
1316
1316
1319
1322
1326
1326
1330
1331
1331
1331
1332
1335
1339
1339
1339
1339
1340
1341
1342
1343
1344
1344
1344
1345
1346
1346
1347
1348
1349
1349
1349
1349
1351
1352
1352
1354
1354
1355
1356
1356
1358
1359
1359
1360
1361
1362
1364
1366
1367
1370
1376
1379
1379
1380
1380
1380
1381
1381
1381
1382
1382
1383
1383
1384
1384
1385
1388
1388
1388
1389
1390
1390
1390
1391
1392
1392
1394
1394
1396
1397
1397
1398
1399
1400
1401
1404
1408
1411
1411
1412
1413
1415
1415
1415
1418
1419
1420
1421
1427
1427
1428
1428
1428
1428
1431
1432
1432
1433
1433
1433
1433
1435
1436
1438
1441
1443
1443
1445
1446
1446
1446
1447
1448
1448
1448
1448
1448
1451
1451
1452
1453
1455
1455
1456
1459
1459
1459
1460
1461
1463
1466
1466
1470
1471
1471
1472
1472
1474
1475
1476
1478
1479
1479
1481
1482
1482
1482
1482
1483
1484
1485
1489
1490
1491
1491
1491
1492
1492
1492
1493
1493
1495
1497
1497
1499
1500
1501
1502
1502
1503
1504
1506
1509
1510
1510
1510
1512
1512
1512
1513
1513
1514
1515
1516
1517
1517
1517
1518
1518
1519
1519
1520
1523
1523
1523
1525
1526
1526
1528
1529
1529
1529
1530
1530
1532
1533
1534
1535
1536
1536
1537
1537
1537
1539
1539
1540
1540
1541
1542
1545
1546
1546
1547
1548
1548
1549
1550
1550
1551
1551
1554
1554
1554
1555
1558
1559
1560
1561
1562
1564
1564
1565
1566
1566
1568
1568
1571
1572
1573
1574
1575
1575
1578
1578
1578
1580
1580
1580
1580
1581
1582
1583
1584
1584
1588
1588
1589
1592
1593
1593
1593
1594
1594
1595
1595
1595
1595
1596
1598
1599
1600
1601
1603
1607
1609
1610
1610
1611
1612
1612
1613
1613
1614
1615
1617
1619
1619
1622
1623
1623
1625
1627
1631
1631
1631
1631
1632
1634
1634
1639
1641
1641
1641
1646
1647
1648
1649
1650
1651
1651
1651
1652
1653
1655
1659
1661
1662
1662
1664
1664
1665
1666
1666
1666
1667
1669
1669
1669
1670
1673
1673
1673
1675
1675
1676
1676
1677
1677
1678
1679
1679
1681
1682
1683
1685
1686
1689
1691
1692
1694
1694
1694
1697
1698
1698
1699
1700
1700
1701
1703
1704
1705
1705
1706
1706
1708
1708
1709
1709
1710
1711
1711
1713
1715
1716
1716
1717
1720
1720
1723
1723
1724
1725
1726
1726
1727
1728
1729
1729
1732
1733
1733
1733
1734
1734
1734
1734
1736
1736
1739
1740
1741
1741
1741
1742
1742
1743
1745
1748
1749
1749
1750
1750
1751
1752
1752
1753
1754
1758
1758
1758
1759
1759
1761
1761
1762
1763
1764
1764
1764
1764
1765
1765
1766
1766
1766
1767
1767
1767
1768
1768
1770
1770
1771
1772
1772
1773
1773
1775
1777
1777
1780
1781
1782
1782
1783
1784
1785
1786
1788
1788
1790
1791
1792
1792
1792
1793
1794
1795
1797
1799
1802
1803
1803
1804
1806
1807
1812
1814
1814
1814
1815
1815
1817
1818
1819
1822
1822
1823
1823
1824
1824
1825
1825
1826
1826
1826
1828
1830
1830
1831
1832
1832
1833
1834
1835
1839
1839
1842
1842
1843
1846
1847
1848
1848
1850
1851
1853
1854
1854
1856
1857
1857
1858
1858
1858
1858
1859
1860
1862
1862
1863
1864
1866
1869
1869
1869
1870
1871
1871
1872
1876
1878
1881
1883
1884
1885
1887
1889
1889
1891
1891
1891
1894
1897
1897
1899
1899
1899
1901
1901
1903
1906
1908
1908
1909
1910
1911
1912
1913
1913
1914
1915
1916
1917
1918
1918
1918
1918
1922
1922
1923
1925
1925
1925
1926
1927
1927
1929
1930
1930
1931
1935
1936
1937
1938
1939
1940
1940
1940
1941
1941
1941
1942
1943
1944
1945
1946
1946
1947
1947
1955
1956
1956
1957
1958
1961
1961
1962
1963
1964
1967
1968
1969
1969
1970
1970
1971
1973
1974
1974
1975
1975
1977
1977
1978
1979
1979
1980
1980
1982
1984
1984
1984
1985
1986
1986
1987
1987
1988
1988
1990
1990
1991
1991
1991
1992
1993
1995
1999
2000
2000
2002
2003
2003
2004
2004
2005
2005
2005
2007
2008
2010
2010
2010
2012
2012
2014
2015
2018
2018
2019
2020
2020
2021
2022
2024
2025
2027
2027
2029
2030
2031
2031
2032
2032
2032
2033
2034
2034
2035
2037
2039
2040
2040
2042
2043
2044
2045
2047
2047
2047
2048
2053
2055
2057
2057
2057
2058
2059
2059
2060
2060
2065
2065
2066
2066
2066
2071
2072
2073
2074
2076
2077
2080
2083
2083
2084
2084
2084
2085
2088
2090
2090
2091
2091
2091
2092
2093
2093
2094
2096
2097
2098
2098
2098
2099
2099
2102
2103
2104
2104
2106
2110
2111
2112
2112
2112
2112
2113
2114
2115
2115
2115
2116
2119
2120
2124
2126
2127
2127
2128
2128
2129
2129
2130
2133
2134
2134
2134
2135
2136
2136
2138
2139
2139
2140
2142
2143
2144
2145
2146
2146
2146
2147
2147
2148
2148
2149
2149
2152
2152
2153
2153
2154
2156
2157
2158
2158
2159
2160
2160
2160
2162
2164
2164
2165
2166
2166
2167
2167
2167
2168
2168
2168
2169
2170
2172
2172
2173
2174
2174
2175
2175
2177
2177
2177
2180
2181
2181
2182
2182
2183
2184
2184
2185
2185
2186
2186
2186
2186
2189
2190
2190
2190
2191
2192
2192
2196
2197
2200
2200
2202
2202
2203
2203
2207
2207
2208
2208
2208
2208
2209
2212
2213
2213
2217
2218
2219
2219
2219
2220
2221
2223
2223
2223
2223
2226
2227
2227
2229
2229
2230
2230
2231
2233
2234
2234
2235
2235
2237
2237
2238
2239
2239
2239
2240
2241
2242
2244
2245
2246
2248
2249
2252
2252
2252
2253
2253
2254
2255
2256
2256
2257
2259
2259
2259
2260
2260
2262
2265
2266
2266
2267
2268
2269
2272
2276
2277
2277
2278
2278
2278
2280
2283
2283
2285
2286
2287
2288
2290
2291
2291
2291
2291
2291
2291
2291
2293
2295
2297
2298
2298
2298
2298
2300
2302
2303
2306
2307
2308
2310
2310
2312
2312
2313
2313
2313
2314
2314
2316
2317
2318
2319
2319
2320
2322
2322
2323
2323
2324
2324
2327
2328
2330
2330
2331
2331
2332
2332
2334
2334
2335
2336
2337
2337
2338
2338
2341
2342
2343
2345
2345
2348
2348
2351
2351
2351
2352
2353
2353
2353
2354
2354
2356
2358
2359
2359
2360
2361
2361
2362
2363
2363
2364
2364
2365
2367
2370
2370
2370
2371
2371
2375
2375
2378
2378
2380
2383
2383
2385
2386
2386
2386
2388
2389
2390
2391
2392
2393
2394
2396
2396
2397
2397
2398
2398
2400
2401
2402
2403
2404
2405
2406
2410
2411
2412
2413
2415
2415
2416
2416
2418
2419
2421
2423
2427
2428
2428
2429
2429
2430
2430
2431
2434
2435
2435
2435
2436
2437
2438
2438
2440
2447
2448
2448
2449
2450
2451
2452
2453
2454
2456
2456
2456
2457
2457
2458
2459
2459
2459
2461
2462
2462
2464
2464
2466
2466
2467
2467
2470
2471
2471
2472
2472
2472
2474
2474
2474
2475
2479
2480
2482
2482
2482
2484
2485
2485
2488
2488
2488
2490
2492
2492
2493
2493
2494
2494
2495
2497
2497
2497
2497
2498
2498
2499
2499
2499
2500
2501
2501
2504
2506
2506
2507
2507
2507
2507
2508
2508
2508
2510
2513
2513
2514
2514
2515
2515
2515
2516
2517
2519
2519
2520
2520
2520
2521
2522
2525
2525
2525
2526
2529
2529
2529
2533
2535
2536
2538
2538
2538
2539
2540
2541
2541
2542
2543
2543
2544
2545
2547
2548
2551
2551
2551
2553
2553
2555
2556
2557
2558
2559
2561
2566
2569
2569
2571
2571
2572
2572
2573
2573
2574
2575
2577
2577
2579
2579
2580
2580
2582
2583
2584
2585
2585
2585
2585
2585
2587
2588
2589
2589
2589
2590
2590
2591
2592
2592
2593
2594
2594
2595
2597
2597
2598
2599
2600
2600
2601
2602
2604
2607
2609
2610
2613
2614
2615
2616
2616
2618
2620
2621
2621
2622
2624
2630
2631
2634
2634
2634
2635
2636
2637
2637
2639
2640
2641
2641
2643
2643
2644
2644
2644
2645
2645
2646
2647
2649
2650
2652
2652
2655
2655
2655
2656
2656
2660
2662
2662
2662
2664
2664
2666
2668
2668
2669
2671
2672
2674
2675
2675
2677
2677
2678
2679
2680
2680
2683
2685
2686
2687
2687
2688
2690
2691
2691
2691
2692
2694
2694
2697
2698
2701
2703
2706
2707
2708
2709
2710
2710
2710
2711
2713
2714
2716
2716
2718
2720
2721
2724
2729
2729
2733
2736
2738
2740
2742
2743
2744
2746
2747
2748
2752
2753
2754
2755
2756
2758
2759
2760
2761
2762
2764
2766
2768
2768
2768
2769
2772
2773
2773
2774
2776
2778
2779
2780
2780
2780
2780
2784
2784
2784
2785
2785
2786
2789
2789
2789
2790
2791
2792
2794
2799
2799
2800
2801
2801
2805
2807
2808
2808
2809
2809
2810
2811
2812
2814
2816
2816
2820
2823
2823
2824
2825
2827
2827
2827
2828
2830
2830
2830
2831
2831
2835
2836
2838
2841
2841
2841
2841
2841
2843
2844
2845
2846
2846
2846
2848
2849
2849
2851
2852
2854
2856
2856
2856
2858
2859
2861
2861
2862
2863
2863
2865
2865
2867
2867
2867
2868
2868
2869
2870
2871
2872
2872
2874
2875
2875
2876
2876
2876
2876
2877
2877
2877
2878
2878
2879
2879
2880
2880
2881
2885
2886
2888
2889
2890
2892
2893
2893
2894
2894
2895
2895
2895
2898
2899
2899
2899
2900
2900
2903
2903
2904
2907
2908
2908
2909
2910
2910
2911
2915
2916
2917
2918
2919
2919
2919
2920
2921
2921
2921
2921
2922
2923
2923
2924
2925
2928
2930
2931
2932
2935
2936
2936
2937
2937
2937
2938
2939
2939
2940
2941
2941
2942
2943
2945
2948
2948
2949
2949
2950
2950
2950
2951
2952
2954
2956
2957
2958
2959
2964
2969
2969
2971
2972
2972
2973
2973
2973
2974
2975
2975
2977
2978
2978
2979
2980
2980
2980
2981
2983
2984
2985
2986
2986
2987
2988
2988
2990
2992
2992
2992
2994
2995
2996
2997
2998
2999
3001
3004
3006
3007
3009
3009
3010
3011
3012
3013
3013
3014
3014
3014
3015
3015
3016
3017
3019
3020
3020
3020
3022
3023
3023
3024
3025
3025
3026
3026
3026
3028
3030
3030
3031
3031
3034
3036
3037
3038
3038
3038
3038
3038
3039
3042
3044
3046
3048
3048
3049
3050
3050
3052
3052
3052
3055
3055
3056
3056
3057
3058
3058
3058
3059
3060
3061
3062
3062
3066
3067
3069
3069
3070
3070
3070
3070
3071
3073
3075
3077
3078
3078
3079
3079
3080
3081
3081
3082
3083
3083
3084
3085
3087
3088
3090
3091
3091
3094
3095
3095
3096
3097
3098
3098
3102
3103
3103
3107
3108
3108
3110
3110
3112
3113
3113
3114
3117
3118
3118
3118
3119
3120
3120
3120
3121
3121
3122
3125
3126
3126
3127
3129
3131
3132
3132
3132
3132
3134
3135
3135
3139
3140
3140
3141
3141
3142
3142
3144
3145
3146
3146
3147
3148
3149
3149
3149
3150
3150
3151
3151
3151
3152
3153
3156
3156
3158
3158
3158
3158
3159
3159
3159
3160
3161
3161
3162
3163
3164
3165
3165
3166
3166
3167
3168
3168
3169
3169
3172
3174
3176
3177
3180
3180
3181
3181
3181
3182
3183
3184
3187
3188
3188
3188
3190
3192
3192
3196
3196
3197
3200
3200
3201
3201
3202
3203
3205
3206
3208
3209
3210
3211
3212
3212
3212
3213
3213
3214
3216
3216
3217
3221
3222
3223
3224
3227
3228
3229
3230
3230
3231
3233
3233
3234
3235
3235
3236
3237
3238
3242
3242
3242
3245
3248
3249
3249
3250
3253
3254
3254
3256
3256
3256
3257
3257
3260
3263
3263
3263
3264
3265
3265
3265
3266
3266
3266
3267
3267
3268
3272
3273
3274
3277
3277
3277
3277
3278
3278
3279
3279
3280
3280
3280
3282
3284
3284
3284
3287
3287
3288
3289
3290
3291
3293
3294
3294
3295
3298
3298
3299
3300
3300
3303
3303
3303
3304
3304
3305
3307
3307
3309
3309
3310
3311
3311
3313
3314
3315
3315
3315
3318
3318
3319
3320
3320
3321
3321
3322
3323
3324
3325
3326
3327
3329
3329
3331
3332
3332
3333
3336
3337
3339
3341
3342
3343
3344
3345
3346
3347
3350
3351
3351
3352
3352
3352
3353
3353
3354
3355
3355
3356
3357
3357
3357
3360
3363
3364
3367
3369
3369
3369
3370
3371
3371
3376
3377
3377
3380
3382
3382
3384
3385
3385
3385
3389
3389
3390
3391
3392
3393
3394
3395
3397
3398
3398
3399
3400
3401
3401
3401
3402
3402
3405
3409
3409
3410
3411
3413
3414
3414
3415
3417
3418
3418
3419
3419
3422
3423
3423
3423
3424
3427
3427
3429
3429
3433
3433
3435
3435
3437
3437
3437
3438
3438
3440
3441
3441
3444
3444
3446
3446
3447
3447
3448
3449
3449
3451
3451
3453
3454
3454
3455
3455
3456
3458
3458
3458
3458
3458
3459
3459
3459
3460
3462
3462
3462
3463
3464
3464
3465
3466
3466
3468
3468
3468
3470
3471
3473
3473
3476
3480
3481
3481
3482
3482
3482
3483
3483
3486
3487
3489
3490
3490
3492
3493
3495
3496
3496
3497
3497
3498
3498
3499
3499
3500
3502
3503
3503
3504
3504
3505
3507
3508
3508
3509
3511
3512
3513
3514
3514
3516
3518
3521
3521
3521
3522
3523
3523
3524
3525
3526
3526
3528
3530
3532
3532
3533
3533
3533
3534
3534
3535
3537
3537
3539
3539
3540
3541
3541
3541
3542
3542
3544
3545
3545
3547
3547
3550
3550
3550
3551
3552
3552
3553
3554
3554
3554
3554
3555
3558
3558
3558
3558
3560
3561
3564
3565
3566
3567
3567
3567
3569
3570
3570
3570
3570
3571
3572
3577
3578
3579
3579
3580
3582
3583
3585
3591
3592
3596
3596
3597
3598
3598
3598
3599
3600
3600
3602
3602
3603
3604
3605
3605
3607
3609
3614
3614
3615
3616
3616
3620
3623
3624
3624
3624
3626
3627
3628
3629
3632
3632
3633
3633
3634
3635
3636
3636
3639
3639
3639
3639
3643
3644
3644
3646
3646
3646
3647
3647
3650
3652
3653
3654
3656
3656
3657
3659
3659
3662
3662
3662
3666
3666
3666
3666
3668
3668
3671
3671
3672
3673
3674
3674
3675
3676
3676
3676
3677
3677
3677
3678
3679
3681
3684
3689
3689
3689
3692
3693
3696
3697
3697
3698
3699
3699
3700
3704
3704
3706
3707
3710
3712
3714
3715
3717
3717
3717
3717
3718
3718
3718
3718
3719
3719
3720
3720
3722
3723
3726
3727
3729
3729
3730
3730
3730
3730
3730
3732
3734
3736
3737
3738
3739
3740
3740
3742
3743
3744
3744
3745
3746
3747
3748
3748
3748
3748
3749
3749
3749
3751
3753
3753
3753
3753
3754
3754
3755
3756
3757
3758
3760
3760
3761
3762
3762
3764
3764
3766
3767
3768
3768
3769
3770
3771
3771
3772
3773
3776
3778
3779
3780
3781
3782
3783
3784
3784
3784
3784
3785
3787
3790
3790
3790
3791
3791
3793
3795
3795
3795
3796
3797
3797
3799
3800
3801
3801
3801
3803
3804
3805
3805
3806
3808
3808
3810
3810
3811
3811
3811
3812
3815
3817
3819
3822
3822
3823
3823
3826
3826
3826
3826
3827
3828
3828
3828
3830
3831
3832
3834
3835
3836
3837
3837
3839
3839
3842
3843
3846
3847
3847
3848
3848
3850
3851
3852
3852
3856
3857
3858
3858
3860
3860
3864
3866
3866
3868
3868
3871
3872
3872
3873
3873
3875
3879
3879
3879
3883
3885
3888
3889
3890
3892
3893
3893
3894
3895
3897
3900
3902
3903
3904
3904
3906
3907
3908
3908
3910
3911
3914
3916
3917
3919
3920
3923
3923
3925
3926
3928
3928
3928
3929
3930
3931
3931
3931
3934
3934
3936
3937
3940
3941
3941
3942
3944
3944
3944
3944
3945
3946
3947
3947
3947
3947
3948
3948
3949
3952
3957
3957
3957
3957
3959
3959
3960
3961
3961
3962
3963
3964
3964
3964
3965
3967
3968
3970
3970
3971
3971
3973
3977
3979
3980
3980
3980
3981
3981
3983
3983
3985
3985
3986
3986
3988
3989
3992
3992
3992
3992
3992
3993
3995
3996
3997
3999
3999
4000
4001
4002
4003
4004
4005
4005
4006
4006
4007
4007
4010
4010
4012
4012
4015
4016
4016
4016
4017
4017
4018
4020
4021
4022
4022
4024
4024
4026
4026
4026
4026
4028
4031
4031
4035
4036
4037
4038
4038
4038
4039
4040
4041
4041
4043
4044
4045
4046
4048
4049
4051
4054
4054
4054
4055
4056
4057
4061
4063
4065
4066
4066
4066
4066
4067
4068
4068
4069
4069
4070
4071
4073
4073
4073
4078
4079
4080
4080
4082
4082
4083
4083
4084
4084
4084
4085
4087
4087
4090
4090
4091
4091
4092
4093
4094
4095
4096
4097
4097
4098
4100
4102
4107
4107
4111
4111
4114
4117
4118
4120
4122
4122
4122
4123
4124
4125
4127
4130
4131
4131
4132
4133
4133
4133
4134
4138
4140
4140
4140
4141
4141
4141
4142
4143
4145
4147
4148
4148
4149
4149
4149
4149
4149
4149
4150
4151
4152
4153
4154
4154
4154
4155
4156
4156
4156
4157
4157
4157
4158
4158
4158
4161
4161
4161
4163
4166
4168
4168
4169
4169
4169
4171
4172
4174
4175
4177
4180
4181
4182
4184
4184
4184
4186
4187
4189
4189
4191
4191
4191
4191
4192
4193
4195
4197
4200
4201
4204
4205
4205
4205
4206
4207
4209
4211
4211
4212
4216
4216
4217
4217
4218
4219
4220
4220
4222
4224
4225
4225
4227
4227
4229
4230
4234
4235
4235
4236
4236
4237
4239
4240
4241
4241
4242
4242
4243
4243
4244
4245
4245
4246
4246
4247
4249
4250
4251
4251
4253
4253
4254
4255
4255
4255
4256
4256
4259
4262
4265
4265
4265
4265
4266
4266
4268
4268
4268
4270
4272
4272
4272
4274
4275
4275
4279
4281
4285
4286
4286
4288
4288
4288
4289
4290
4290
4290
4290
4290
4291
4292
4293
4293
4296
4297
4297
4298
4298
4298
4298
4299
4299
4300
4304
4305
4306
4306
4308
4308
4308
4308
4310
4311
4311
4311
4312
4313
4314
4315
4315
4316
4318
4319
4319
4321
4322
4322
4325
4327
4327
4328
4332
4333
4334
4334
4336
4336
4338
4339
4340
4340
4342
4342
4345
4345
4345
4345
4347
4348
4348
4349
4349
4350
4350
4351
4354
4355
4357
4358
4359
4361
4361
4361
4361
4362
4363
4363
4365
4366
4368
4368
4368
4369
4369
4370
4371
4372
4373
4374
4375
4375
4376
4376
4377
4379
4380
4381
4381
4381
4382
4383
4383
4386
4386
4386
4387
4387
4387
4388
4388
4391
4394
4397
4397
4399
4399
4399
4399
4401
4401
4403
4404
4405
4405
4406
4407
4408
4408
4410
4411
4416
4417
4420
4420
4420
4420
4422
4423
4424
4424
4425
4426
4426
4427
4427
4427
4429
4429
4430
4430
4431
4432
4432
4432
4433
4434
4434
4435
4436
4436
4438
4438
4439
4441
4442
4442
4443
4445
4446
4446
4447
4447
4449
4450
4453
4454
4455
4456
4456
4456
4457
4458
4459
4461
4461
4461
4462
4463
4463
4464
4465
4466
4467
4469
4469
4471
4471
4472
4472
4472
4473
4474
4476
4476
4477
4477
4477
4478
4479
4480
4481
4482
4483
4483
4483
4486
4486
4487
4488
4490
4491
4491
4492
4493
4493
4494
4494
4495
4495
4495
4496
4497
4497
4497
4498
4498
4499
4501
4501
4502
4502
4503
4504
4504
4505
4505
4505
4508
4509
4509
4510
4510
4511
4511
4511
4513
4513
4513
4516
4516
4517
4517
4518
4521
4522
4523
4524
4524
4528
4530
4532
4533
4535
4535
4535
4536
4536
4538
4538
4538
4538
4539
4540
4543
4543
4544
4548
4548
4549
4550
4551
4551
4552
4554
4554
4559
4560
4560
4562
4563
4566
4566
4566
4566
4568
4568
4568
4570
4571
4572
4572
4573
4574
4574
4575
4577
4577
4579
4580
4580
4581
4586
4586
4587
4587
4587
4588
4589
4589
4590
4590
4590
4593
4594
4594
4595
4595
4596
4596
4597
4597
4597
4598
4599
4602
4603
4603
4604
4604
4605
4605
4606
4607
4608
4608
4609
4609
4610
4610
4613
4614
4614
4614
4615
4615
4615
4616
4617
4617
4618
4618
4618
4619
4620
4622
4624
4626
4626
4626
4627
4629
4629
4630
4630
4632
4632
4634
4634
4635
4635
4636
4636
4638
4638
4642
4642
4642
4643
4643
4644
4644
4644
4645
4646
4646
4647
4647
4647
4648
4649
4650
4651
4656
4657
4658
4660
4660
4660
4663
4663
4664
4664
4666
4666
4667
4669
4670
4672
4673
4674
4674
4675
4676
4677
4678
4682
4682
4683
4683
4683
4685
4685
4688
4689
4691
4697
4698
4698
4700
4703
4704
4705
4706
4706
4706
4706
4707
4707
4708
4709
4709
4709
4710
4712
4712
4713
4713
4716
4716
4717
4719
4721
4721
4722
4722
4722
4723
4724
4726
4726
4726
4726
4729
4732
4733
4734
4734
4735
4735
4736
4736
4738
4740
4742
4743
4743
4744
4745
4747
4747
4748
4749
4749
4750
4752
4753
4754
4756
4757
4760
4760
4763
4765
4765
4766
4767
4767
4768
4769
4773
4775
4775
4778
4779
4780
4781
4781
4782
4782
4783
4787
4789
4789
4789
4789
4792
4792
4793
4797
4799
4799
4800
4800
4802
4807
4807
4808
4808
4810
4811
4811
4812
4814
4816
4817
4818
4818
4819
4820
4821
4822
4824
4825
4825
4827
4831
4832
4832
4833
4837
4838
4838
4839
4839
4840
4841
4841
4841
4843
4844
4846
4846
4847
4850
4850
4850
4850
4850
4851
4852
4854
4854
4854
4857
4858
4859
4859
4859
4859
4860
4860
4861
4861
4861
4863
4863
4864
4865
4866
4868
4871
4871
4871
4872
4873
4873
4874
4875
4880
4881
4882
4882
4883
4884
4884
4887
4888
4889
4891
4891
4892
4892
4895
4895
4896
4896
4898
4900
4901
4905
4907
4907
4908
4909
4911
4913
4918
4918
4918
4919
4920
4922
4922
4923
4923
4924
4927
4928
4935
4935
4936
4937
4941
4942
4944
4946
4947
4951
4951
4953
4953
4954
4958
4958
4958
4958
4963
4964
4965
4966
4968
4969
4970
4974
4974
4977
4977
4978
4979
4979
4979
4980
4980
4981
4982
4983
4983
4984
4985
4986
4987
4988
4990
4993
4994
4995
4996
4996
4997
4998
4998
4999
5001
5002
5003
5005
5006
5006
5008
5008
5010
5012
5014
5016
5020
5022
5022
5023
5023
5023
5024
5024
5024
5025
5026
5027
5027
5027
5028
5028
5029
5030
5033
5033
5033
5035
5035
5036
5037
5038
5038
5038
5038
5041
5041
5043
5043
5044
5045
5045
5046
5047
5050
5050
5051
5051
5054
5055
5056
5056
5057
5057
5058
5061
5061
5061
5062
5062
5062
5067
5069
5069
5071
5071
5072
5074
5074
5074
5076
5077
5077
5078
5079
5079
5083
5084
5084
5086
5086
5088
5089
5089
5090
5091
5093
5095
5095
5095
5096
5097
5098
5100
5103
5105
5106
5106
5107
5108
5108
5109
5110
5112
5113
5113
5113
5113
5114
5116
5116
5117
5117
5118
5118
5119
5120
5121
5121
5123
5124
5125
5126
5126
5126
5127
5128
5128
5129
5130
5131
5131
5132
5132
5132
5133
5134
5134
5135
5135
5136
5137
5137
5137
5140
5142
5143
5143
5145
5145
5150
5156
5156
5158
5158
5159
5161
5161
5161
5161
5162
5164
5165
5167
5168
5169
5171
5172
5173
5176
5177
5179
5180
5180
5181
5182
5184
5184
5185
5187
5188
5188
5188
5188
5190
5192
5193
5195
5196
5198
5199
5199
5201
5202
5203
5203
5204
5206
5207
5207
5209
5210
5210
5211
5212
5214
5214
5215
5216
5216
5217
5217
5218
5219
5221
5222
5222
5224
5226
5226
5227
5228
5228
5229
5231
5231
5232
5232
5234
5235
5235
5237
5237
5237
5238
5238
5239
5239
5239
5240
5243
5243
5244
5245
5245
5246
5247
5248
5248
5249
5249
5250
5251
5252
5253
5254
5254
5255
5255
5256
5257
5257
5258
5261
5261
5261
5261
5262
5263
5264
5265
5265
5268
5268
5268
5270
5270
5271
5271
5272
5272
5272
5272
5275
5275
5278
5281
5282
5282
5282
5283
5283
5284
5285
5287
5288
5288
5289
5289
5289
5289
5290
5290
5293
5294
5294
5294
5295
5295
5295
5296
5296
5298
5299
5301
5302
5302
5302
5302
5303
5303
5304
5305
5309
5310
5311
5315
5315
5318
5320
5321
5321
5323
5324
5325
5327
5327
5329
5330
5335
5339
5339
5341
5343
5344
5345
5345
5345
5347
5347
5349
5350
5354
5355
5357
5358
5359
5359
5361
5361
5364
5365
5367
5367
5368
5369
5370
5371
5373
5373
5375
5377
5379
5379
5381
5381
5381
5382
5384
5387
5391
5391
5391
5392
5394
5395
5395
5396
5400
5400
5401
5402
5402
5403
5404
5405
5405
5405
5407
5407
5407
5408
5410
5411
5412
5412
5413
5414
5414
5415
5416
5416
5417
5418
5419
5419
5420
5421
5421
5422
5424
5428
5428
5429
5432
5432
5433
5435
5435
5437
5438
5438
5439
5440
5440
5441
5442
5443
5446
5446
5447
5448
5448
5449
5449
5451
5451
5452
5452
5453
5453
5454
5454
5454
5454
5457
5458
5459
5459
5461
5461
5462
5462
5464
5465
5467
5467
5469
5470
5470
5471
5473
5474
5475
5477
5480
5481
5481
5482
5484
5485
5487
5488
5490
5490
5491
5491
5493
5494
5495
5495
5495
5497
5497
5498
5501
5502
5502
5502
5502
5504
5506
5507
5508
5509
5509
5509
5512
5513
5514
5515
5516
5516
5517
5519
5519
5521
5523
5524
5526
5528
5530
5531
5531
5532
5532
5533
5534
5534
5535
5535
5536
5536
5536
5537
5538
5539
5541
5541
5545
5547
5550
5550
5551
5551
5552
5555
5556
5557
5559
5561
5562
5562
5563
5563
5563
5565
5565
5568
5569
5571
5573
5574
5575
5575
5575
5575
5579
5580
5581
5581
5583
5583
5585
5585
5586
5586
5587
5588
5588
5588
5589
5590
5590
5591
5591
5593
5593
5595
5595
5595
5599
5599
5603
5604
5606
5606
5606
5607
5608
5610
5610
5610
5612
5612
5612
5613
5613
5615
5616
5616
5616
5616
5619
5619
5620
5620
5621
5621
5621
5621
5622
5622
5622
5624
5628
5629
5629
5632
5632
5633
5635
5635
5635
5637
5637
5638
5639
5640
5640
5643
5643
5644
5644
5644
5644
5644
5645
5646
5646
5647
5647
5648
5650
5650
5652
5652
5655
5655
5656
5656
5657
5658
5659
5661
5662
5663
5664
5667
5668
5676
5677
5677
5679
5679
5680
5682
5682
5682
5683
5687
5691
5691
5692
5695
5696
5696
5697
5697
5698
5701
5702
5702
5704
5704
5705
5705
5705
5705
5707
5707
5708
5708
5712
5715
5715
5716
5718
5718
5719
5722
5722
5722
5726
5727
5727
5728
5728
5731
5731
5732
5732
5732
5732
5734
5734
5735
5737
5739
5740
5740
5741
5743
5745
5745
5746
5748
5748
5748
5748
5750
5751
5754
5757
5757
5758
5761
5761
5763
5763
5763
5763
5763
5764
5764
5765
5765
5766
5766
5766
5767
5767
5769
5771
5771
5773
5773
5774
5774
5775
5776
5777
5778
5778
5779
5781
5781
5781
5782
5784
5785
5786
5787
5787
5788
5788
5790
5790
5791
5795
5795
5796
5798
5798
5798
5799
5800
5801
5802
5802
5802
5804
5804
5805
5805
5807
5808
5810
5811
5811
5811
5813
5814
5816
5817
5817
5818
5819
5820
5821
5824
5825
5826
5827
5827
5827
5828
5828
5830
5831
5832
5833
5834
5835
5841
5841
5841
5843
5844
5849
5852
5853
5856
5856
5858
5859
5860
5861
5861
5862
5864
5864
5866
5866
5868
5868
5873
5873
5874
5874
5874
5874
5877
5877
5879
5880
5880
5881
5881
5882
5882
5883
5883
5883
5884
5885
5886
5887
5890
5891
5891
5892
5894
5895
5895
5896
5896
5898
5899
5899
5900
5901
5902
5903
5905
5907
5907
5910
5910
5911
5911
5912
5912
5913
5914
5915
5915
5916
5917
5918
5918
5920
5920
5922
5923
5925
5926
5928
5928
5929
5931
5932
5935
5935
5937
5937
5939
5940
5941
5943
5943
5943
5944
5945
5945
5946
5947
5948
5948
5949
5951
5952
5952
5953
5954
5955
5956
5959
5962
5963
5963
5964
5964
5964
5965
5965
5967
5967
5967
5968
5969
5971
5972
5972
5973
5974
5975
5976
5976
5977
5978
5979
5980
5981
5982
5983
5983
5984
5988
5991
5992
5994
5997
5997
5997
5998
5999
6002
6002
6002
6002
6002
6003
6003
6003
6006
6006
6006
6007
6007
6008
6010
6011
6014
6015
6015
6017
6017
6017
6018
6018
6020
6020
6022
6024
6028
6030
6032
6032
6033
6034
6037
6038
6038
6040
6040
6041
6041
6044
6044
6046
6046
6049
6050
6050
6052
6053
6055
6055
6056
6058
6061
6062
6062
6062
6064
6065
6065
6070
6071
6072
6072
6073
6074
6076
6077
6082
6083
6083
6085
6086
6087
6087
6089
6090
6092
6092
6094
6095
6095
6097
6099
6102
6103
6106
6106
6107
6107
6107
6107
6110
6110
6111
6112
6112
6112
6112
6112
6112
6113
6113
6114
6115
6116
6116
6117
6118
6118
6120
6121
6125
6125
6125
6126
6127
6129
6129
6131
6134
6137
6137
6139
6139
6140
6140
6140
6140
6146
6147
6149
6149
6150
6152
6152
6152
6152
6152
6153
6155
6155
6156
6157
6157
6158
6158
6158
6160
6161
6162
6162
6164
6165
6167
6167
6167
6168
6171
6171
6172
6172
6173
6173
6176
6176
6177
6178
6179
6180
6181
6182
6182
6182
6183
6183
6185
6185
6185
6185
6185
6185
6188
6188
6190
6190
6191
6192
6192
6193
6193
6196
6196
6197
6199
6200
6200
6206
6206
6206
6206
6207
6208
6209
6210
6210
6211
6212
6213
6214
6217
6217
6218
6218
6218
6220
6220
6221
6222
6223
6225
6226
6228
6229
6232
6234
6236
6236
6237
6237
6239
6239
6240
6240
6240
6241
6242
6243
6243
6244
6245
6245
6246
6248
6248
6248
6251
6251
6252
6252
6253
6254
6254
6255
6259
6261
6262
6262
6266
6266
6268
6268
6268
6271
6271
6272
6272
6273
6273
6273
6274
6275
6276
6279
6280
6281
6282
6282
6282
6284
6285
6286
6286
6288
6289
6291
6291
6291
6294
6295
6298
6299
6301
6304
6304
6305
6306
6309
6309
6310
6312
6314
6314
6316
6317
6319
6319
6320
6320
6322
6324
6325
6326
6327
6328
6330
6330
6332
6333
6333
6336
6343
6343
6345
6345
6346
6346
6347
6350
6350
6351
6351
6352
6352
6355
6357
6358
6360
6360
6361
6361
6361
6361
6362
6365
6365
6367
6367
6371
6372
6372
6374
6374
6375
6379
6380
6381
6381
6381
6383
6385
6388
6389
6391
6391
6391
6393
6393
6393
6395
6395
6395
6397
6398
6400
6402
6402
6403
6403
6406
6407
6409
6409
6410
6410
6414
6415
6416
6416
6418
6418
6419
6420
6420
6421
6422
6422
6426
6426
6427
6428
6428
6429
6429
6431
6431
6431
6431
6436
6436
6437
6437
6438
6438
6442
6442
6443
6443
6444
6444
6444
6444
6446
6447
6447
6447
6448
6449
6450
6450
6451
6451
6451
6453
6453
6453
6453
6455
6456
6457
6457
6458
6459
6460
6461
6462
6465
6466
6468
6468
6475
6475
6476
6479
6480
6480
6482
6484
6484
6485
6485
6486
6487
6490
6490
6490
6490
6492
6494
6495
6496
6497
6497
6500
6501
6503
6504
6504
6505
6508
6509
6511
6513
6513
6514
6514
6514
6514
6516
6516
6517
6517
6518
6519
6521
6523
6523
6523
6524
6525
6526
6527
6529
6530
6531
6531
6531
6533
6533
6535
6535
6536
6538
6538
6539
6539
6540
6542
6542
6544
6546
6546
6547
6548
6548
6548
6549
6550
6550
6550
6551
6552
6553
6554
6556
6557
6557
6557
6558
6558
6560
6560
6563
6563
6563
6568
6570
6571
6571
6572
6572
6573
6574
6575
6577
6578
6578
6579
6582
6583
6585
6587
6588
6588
6588
6589
6589
6589
6592
6592
6592
6593
6594
6595
6595
6597
6599
6602
6602
6602
6603
6604
6604
6605
6606
6610
6610
6611
6612
6612
6614
6614
6615
6616
6617
6617
6619
6624
6625
6627
6628
6628
6630
6630
6631
6631
6631
6637
6638
6640
6641
6641
6642
6642
6642
6643
6644
6644
6645
6645
6646
6646
6647
6650
6651
6654
6656
6657
6657
6658
6658
6661
6662
6662
6663
6664
6664
6665
6668
6668
6669
6672
6674
6674
6675
6675
6676
6678
6679
6679
6682
6682
6683
6684
6686
6687
6688
6690
6691
6692
6694
6697
6697
6699
6699
6700
6702
6703
6703
6704
6704
6706
6706
6706
6708
6710
6710
6711
6712
6713
6715
6715
6718
6718
6721
6721
6722
6723
6723
6724
6728
6729
6730
6730
6733
6737
6740
6740
6740
6741
6744
6745
6745
6746
6748
6749
6750
6753
6757
6757
6757
6759
6759
6760
6761
6762
6762
6762
6763
6764
6766
6767
6768
6768
6769
6769
6770
6771
6773
6773
6774
6774
6776
6777
6779
6780
6780
6780
6783
6783
6788
6789
6790
6792
6795
6795
6797
6797
6798
6799
6800
6801
6803
6804
6804
6805
6805
6805
6806
6807
6809
6809
6812
6812
6813
6815
6815
6815
6816
6817
6818
6818
6820
6822
6825
6825
6826
6826
6826
6827
6827
6829
6830
6831
6835
6835
6836
6839
6840
6841
6842
6844
6845
6846
6848
6850
6851
6853
6854
6855
6856
6857
6859
6863
6866
6868
6870
6874
6880
6881
6882
6887
6890
6890
6891
6892
6892
6895
6895
6901
6901
6901
6905
6905
6906
6906
6907
6907
6908
6908
6908
6909
6909
6909
6910
6911
6911
6912
6912
6913
6914
6914
6915
6916
6916
6919
6919
6921
6922
6923
6923
6924
6925
6926
6927
6927
6927
6929
6930
6930
6932
6933
6933
6936
6936
6936
6936
6936
6937
6937
6937
6938
6938
6938
6938
6939
6939
6940
6942
6942
6943
6943
6944
6944
6945
6949
6949
6952
6953
6953
6953
6956
6956
6958
6959
6959
6959
6962
6962
6964
6965
6965
6965
6969
6970
6970
6972
6972
6973
6975
6975
6976
6978
6979
6979
6980
6985
6986
6987
6987
6987
6988
6989
6991
6991
6991
6992
6994
6995
6995
6996
6997
7001
7002
7003
7003
7003
7004
7004
7005
7005
7005
7006
7006
7008
7009
7010
7013
7013
7014
7015
7015
7016
7017
7017
7019
7019
7019
7021
7021
7021
7021
7025
7025
7030
7030
7030
7031
7031
7033
7033
7034
7034
7035
7036
7037
7042
7042
7043
7043
7043
7044
7044
7045
7045
7047
7047
7047
7047
7048
7052
7054
7055
7056
7057
7058
7059
7060
7060
7060
7061
7061
7061
7062
7064
7067
7067
7069
7069
7070
7070
7070
7073
7073
7073
7074
7075
7077
7078
7080
7080
7082
7083
7083
7083
7084
7085
7086
7086
7086
7086
7087
7089
7089
7090
7092
7093
7093
7096
7096
7096
7096
7097
7099
7103
7103
7104
7105
7108
7110
7111
7112
7113
7113
7114
7116
7119
7119
7119
7120
7122
7122
7124
7128
7129
7131
7131
7132
7134
7138
7138
7140
7141
7142
7142
7142
7142
7144
7150
7150
7151
7153
7155
7156
7156
7156
7157
7157
7158
7160
7160
7160
7163
7168
7169
7169
7170
7170
7170
7171
7173
7174
7176
7176
7177
7178
7178
7179
7180
7181
7181
7182
7182
7182
7186
7187
7187
7190
7191
7192
7193
7194
7197
7200
7201
7203
7203
7204
7206
7207
7207
7208
7208
7208
7209
7212
7212
7212
7213
7214
7214
7217
7220
7220
7221
7221
7223
7223
7223
7223
7226
7226
7227
7228
7228
7230
7230
7231
7233
7233
7234
7238
7238
7239
7240
7242
7242
7243
7243
7244
7245
7245
7246
7249
7249
7251
7252
7252
7254
7256
7257
7260
7260
7262
7262
7262
7263
7263
7263
7264
7265
7267
7267
7268
7268
7269
7270
7270
7271
7276
7277
7278
7278
7280
7281
7282
7285
7286
7287
7288
7288
7290
7291
7292
7292
7294
7295
7295
7298
7298
7299
7301
7305
7307
7308
7310
7313
7314
7315
7318
7319
7321
7322
7323
7325
7325
7326
7327
7327
7327
7328
7328
7328
7329
7330
7330
7330
7331
7332
7332
7334
7334
7337
7338
7340
7340
7342
7343
7344
7345
7345
7346
7348
7348
7354
7354
7355
7356
7358
7359
7360
7361
7361
7362
7362
7363
7364
7364
7365
7365
7365
7366
7367
7369
7371
7374
7377
7378
7379
7379
7386
7386
7386
7387
7388
7389
7390
7391
7391
7393
7394
7394
7395
7396
7396
7397
7397
7398
7398
7399
7400
7402
7402
7406
7408
7408
7409
7409
7410
7410
7411
7414
7414
7414
7415
7420
7420
7422
7423
7424
7424
7424
7426
7427
7428
7429
7430
7432
7435
7435
7435
7436
7436
7437
7437
7440
7441
7448
7448
7448
7449
7449
7451
7453
7453
7454
7454
7454
7455
7455
7456
7459
7459
7459
7459
7461
7462
7462
7464
7464
7466
7467
7469
7470
7471
7475
7475
7475
7476
7478
7478
7479
7483
7483
7483
7486
7488
7489
7490
7490
7491
7492
7492
7494
7497
7498
7498
7498
7499
7500
7501
7503
7504
7505
7506
7507
7508
7509
7509
7510
7512
7512
7513
7514
7516
7517
7518
7519
7520
7521
7521
7522
7522
7522
7523
7523
7524
7525
7527
7527
7529
7529
7531
7532
7533
7533
7536
7537
7538
7538
7539
7539
7540
7540
7541
7542
7542
7543
7543
7543
7545
7546
7547
7548
7548
7548
7548
7549
7550
7551
7551
7551
7552
7552
7553
7553
7556
7558
7558
7560
7561
7562
7565
7565
7566
7567
7568
7569
7569
7569
7569
7570
7570
7571
7572
7573
7578
7578
7581
7582
7585
7585
7587
7588
7588
7590
7590
7592
7593
7593
7594
7594
7594
7595
7595
7600
7604
7605
7606
7607
7607
7607
7608
7609
7609
7610
7610
7611
7613
7614
7615
7616
7616
7617
7618
7619
7619
7620
7621
7622
7622
7625
7626
7627
7630
7632
7632
7633
7633
7634
7634
7635
7636
7637
7639
7640
7642
7643
7644
7645
7645
7645
7646
7649
7650
7650
7650
7651
7651
7651
7652
7654
7654
7654
7655
7659
7659
7660
7661
7661
7662
7662
7665
7665
7665
7666
7667
7667
7667
7668
7669
7671
7671
7672
7672
7672
7673
7674
7675
7675
7677
7679
7680
7681
7682
7683
7684
7685
7685
7685
7687
7687
7687
7687
7688
7688
7688
7689
7689
7690
7690
7690
7692
7695
7696
7697
7698
7698
7699
7699
7699
7700
7702
7703
7704
7705
7706
7706
7706
7708
7709
7712
7712
7712
7712
7712
7714
7715
7717
7718
7718
7718
7718
7720
7720
7722
7722
7723
7723
7725
7725
7725
7725
7726
7727
7728
7728
7728
7728
7729
7729
7730
7730
7730
7733
7733
7734
7735
7736
7737
7739
7739
7740
7741
7741
7742
7743
7743
7744
7746
7746
7747
7747
7748
7750
7751
7752
7752
7753
7753
7754
7755
7756
7756
7756
7757
7758
7758
7759
7760
7760
7760
7761
7763
7763
7763
7763
7764
7764
7765
7765
7769
7770
7771
7771
7771
7775
7775
7777
7778
7779
7779
7780
7781
7781
7784
7787
7789
7789
7791
7791
7791
7792
7792
7792
7794
7795
7796
7797
7797
7798
7798
7799
7801
7802
7802
7803
7805
7806
7806
7806
7807
7808
7808
7809
7809
7810
7812
7814
7819
7819
7820
7821
7822
7822
7823
7824
7824
7825
7825
7826
7827
7827
7827
7829
7829
7830
7832
7834
7834
7835
7836
7836
7839
7839
7839
7839
7843
7846
7846
7847
7847
7847
7847
7848
7851
7854
7855
7856
7858
7860
7861
7861
7861
7861
7861
7862
7864
7864
7864
7865
7867
7867
7867
7868
7868
7869
7869
7872
7875
7877
7877
7878
7878
7878
7879
7879
7879
7879
7880
7880
7880
7882
7883
7884
7885
7886
7887
7887
7887
7887
7888
7891
7891
7895
7895
7901
7902
7902
7903
7903
7903
7904
7904
7906
7907
7907
7908
7910
7910
7910
7915
7917
7917
7917
7919
7920
7922
7922
7923
7924
7925
7926
7926
7928
7929
7930
7930
7930
7931
7933
7934
7935
7936
7936
7937
7939
7940
7942
7944
7945
7946
7949
7952
7952
7954
7955
7956
7956
7956
7957
7957
7958
7961
7962
7962
7964
7965
7965
7966
7967
7968
7969
7969
7969
7969
7969
7971
7974
7974
7975
7976
7977
7980
7980
7981
7982
7982
7982
7983
7984
7988
7988
7989
7989
7989
7992
7992
7993
7995
7996
7996
7997
7998
7998
7999
8000
8000
8000
8000
8001
8001
8002
8003
8003
8005
8005
8007
8009
8012
8012
8013
8014
8017
8018
8018
8019
8020
8021
8023
8025
8026
8026
8027
8030
8031
8031
8033
8033
8035
8035
8035
8037
8038
8040
8041
8041
8042
8043
8044
8045
8045
8046
8046
8048
8048
8051
8052
8052
8052
8054
8056
8056
8059
8059
8059
8060
8061
8061
8061
8062
8063
8063
8065
8066
8070
8071
8072
8072
8074
8074
8075
8076
8077
8077
8077
8078
8079
8079
8079
8082
8084
8086
8087
8088
8088
8088
8089
8089
8089
8090
8090
8094
8095
8096
8096
8097
8099
8099
8101
8102
8103
8103
8104
8106
8107
8108
8109
8109
8110
8110
8110
8111
8111
8111
8112
8112
8113
8113
8114
8116
8116
8121
8123
8125
8127
8128
8128
8128
8128
8131
8132
8133
8133
8134
8134
8135
8136
8136
8136
8136
8136
8137
8137
8140
8140
8141
8142
8142
8143
8143
8143
8146
8148
8148
8148
8149
8149
8149
8151
8152
8152
8155
8156
8158
8160
8160
8161
8161
8163
8163
8163
8166
8166
8168
8171
8171
8172
8173
8173
8173
8175
8175
8176
8179
8181
8183
8183
8184
8184
8187
8187
8188
8188
8190
8190
8192
8193
8194
8194
8195
8195
8196
8202
8203
8203
8203
8205
8205
8206
8206
8208
8208
8210
8210
8211
8211
8214
8215
8217
8217
8217
8217
8218
8221
8221
8224
8224
8225
8228
8228
8228
8229
8229
8229
8229
8229
8231
8232
8233
8233
8234
8235
8235
8238
8239
8242
8243
8243
8243
8247
8248
8249
8250
8250
8252
8253
8254
8254
8256
8257
8259
8262
8262
8266
8266
8266
8267
8268
8273
8273
8273
8274
8274
8275
8276
8276
8277
8282
8283
8283
8286
8286
8287
8288
8289
8291
8292
8292
8292
8293
8294
8296
8296
8297
8297
8297
8298
8299
8300
8300
8301
8303
8303
8304
8305
8306
8306
8306
8306
8307
8309
8310
8310
8311
8314
8314
8315
8315
8316
8317
8318
8319
8325
8325
8328
8329
8331
8332
8332
8333
8333
8334
8334
8335
8335
8336
8336
8337
8338
8338
8338
8342
8344
8344
8344
8345
8345
8345
8348
8348
8348
8350
8351
8352
8353
8355
8355
8357
8358
8359
8359
8360
8360
8361
8362
8363
8364
8364
8365
8366
8366
8367
8367
8367
8368
8368
8368
8369
8370
8371
8371
8371
8371
8372
8372
8374
8375
8376
8376
8377
8379
8379
8380
8383
8384
8384
8385
8387
8387
8388
8389
8389
8389
8390
8393
8393
8394
8395
8396
8399
8401
8401
8401
8401
8402
8403
8403
8406
8406
8406
8411
8411
8411
8413
8414
8415
8415
8415
8417
8418
8419
8419
8423
8424
8427
8427
8428
8428
8428
8429
8430
8431
8432
8433
8435
8437
8440
8441
8442
8443
8443
8444
8444
8445
8446
8446
8447
8448
8448
8449
8449
8449
8450
8451
8452
8452
8453
8453
8454
8455
8456
8456
8458
8458
8458
8460
8460
8460
8462
8463
8464
8464
8464
8465
8466
8466
8466
8467
8469
8473
8474
8474
8475
8476
8476
8477
8477
8478
8478
8479
8480
8481
8481
8481
8483
8484
8486
8486
8490
8491
8494
8495
8497
8497
8500
8501
8501
8502
8504
8505
8506
8508
8511
8512
8512
8513
8514
8514
8515
8515
8516
8517
8517
8519
8520
8522
8522
8522
8522
8523
8524
8525
8526
8526
8526
8527
8528
8529
8529
8529
8529
8530
8530
8530
8532
8533
8533
8536
8536
8538
8538
8538
8539
8541
8541
8541
8542
8543
8544
8544
8545
8546
8546
8549
8550
8550
8551
8553
8554
8555
8556
8556
8557
8558
8559
8561
8561
8561
8561
8561
8564
8564
8565
8565
8566
8567
8568
8570
8570
8573
8573
8575
8577
8578
8579
8580
8581
8581
8583
8584
8585
8587
8587
8587
8589
8590
8591
8592
8593
8596
8598
8598
8599
8599
8601
8601
8602
8603
8605
8606
8606
8608
8609
8610
8611
8612
8614
8615
8615
8617
8620
8620
8622
8622
8623
8625
8625
8625
8625
8626
8627
8627
8628
8628
8629
8630
8632
8633
8633
8636
8637
8638
8642
8642
8643
8646
8647
8648
8648
8649
8652
8652
8652
8652
8654
8656
8659
8661
8661
8663
8666
8667
8667
8669
8672
8673
8673
8673
8674
8675
8675
8676
8677
8678
8679
8681
8682
8682
8684
8685
8685
8686
8689
8690
8691
8692
8692
8693
8694
8695
8695
8695
8696
8697
8697
8698
8698
8699
8699
8700
8700
8701
8701
8702
8703
8703
8703
8704
8705
8706
8708
8709
8709
8710
8710
8710
8711
8715
8716
8717
8717
8718
8719
8720
8721
8723
8725
8726
8727
8727
8728
8728
8728
8728
8729
8731
8732
8732
8732
8733
8734
8735
8739
8741
8743
8743
8743
8744
8746
8747
8747
8748
8751
8753
8754
8755
8756
8756
8757
8760
8761
8761
8761
8764
8764
8767
8767
8769
8770
8770
8770
8775
8776
8776
8776
8776
8776
8778
8780
8780
8781
8781
8781
8783
8784
8788
8788
8792
8793
8793
8794
8794
8795
8796
8797
8797
8798
8799
8801
8803
8804
8804
8805
8806
8807
8809
8809
8810
8811
8812
8813
8814
8814
8814
8815
8816
8816
8816
8816
8817
8817
8820
8820
8822
8823
8826
8827
8828
8828
8830
8831
8833
8834
8835
8835
8836
8836
8836
8837
8840
8840
8841
8842
8843
8843
8843
8844
8844
8844
8845
8847
8848
8849
8850
8850
8850
8851
8851
8854
8855
8856
8856
8857
8857
8858
8859
8860
8861
8863
8864
8866
8867
8867
8868
8869
8870
8870
8870
8871
8871
8872
8872
8874
8875
8876
8878
8878
8880
8881
8883
8883
8885
8885
8888
8889
8891
8891
8892
8893
8895
8895
8896
8896
8898
8899
8900
8903
8904
8905
8905
8908
8912
8913
8913
8913
8914
8916
8920
8921
8921
8922
8925
8925
8931
8931
8934
8934
8936
8939
8940
8940
8940
8941
8942
8942
8944
8946
8946
8948
8949
8951
8951
8952
8952
8953
8954
8955
8955
8957
8957
8959
8959
8961
8962
8965
8968
8971
8972
8973
8973
8975
8978
8978
8978
8979
8980
8981
8982
8983
8984
8985
8987
8987
8988
8990
8991
8992
8993
8994
8994
8995
8995
8996
8996
8998
9001
9002
9003
9003
9003
9004
9005
9005
9006
9006
9007
9008
9008
9009
9010
9011
9013
9016
9016
9019
9021
9021
9022
9022
9023
9027
9027
9028
9029
9031
9032
9032
9033
9037
9038
9038
9038
9039
9039
9040
9040
9041
9042
9044
9048
9049
9049
9051
9051
9052
9055
9055
9058
9061
9062
9062
9064
9066
9066
9067
9068
9068
9068
9069
9069
9069
9072
9073
9074
9076
9076
9077
9077
9078
9083
9084
9084
9085
9085
9086
9087
9088
9090
9090
9092
9092
9092
9093
9094
9098
9098
9099
9099
9100
9100
9103
9104
9104
9105
9106
9107
9108
9108
9109
9110
9112
9113
9116
9117
9119
9121
9123
9124
9125
9127
9129
9130
9130
9132
9132
9133
9134
9136
9137
9137
9139
9140
9141
9141
9141
9143
9144
9144
9149
9152
9152
9153
9153
9153
9153
9154
9155
9155
9156
9158
9158
9159
9160
9160
9160
9163
9164
9164
9165
9165
9166
9166
9168
9168
9168
9172
9172
9174
9177
9177
9179
9179
9181
9183
9183
9184
9185
9185
9188
9189
9192
9193
9195
9197
9199
9200
9202
9203
9204
9206
9207
9209
9209
9209
9210
9210
9210
9211
9214
9214
9217
9217
9217
9219
9219
9220
9220
9221
9222
9224
9225
9226
9226
9227
9227
9227
9228
9228
9229
9229
9231
9232
9232
9232
9233
9234
9234
9234
9236
9237
9238
9239
9240
9240
9241
9242
9243
9245
9245
9245
9246
9248
9249
9250
9251
9253
9254
9256
9258
9260
9260
9260
9261
9265
9266
9267
9268
9273
9277
9277
9277
9278
9278
9279
9281
9283
9283
9288
9290
9290
9292
9292
9294
9294
9295
9295
9296
9301
9305
9305
9306
9306
9306
9306
9307
9309
9310
9311
9311
9312
9312
9312
9313
9315
9316
9319
9319
9320
9320
9321
9321
9323
9325
9326
9327
9327
9330
9330
9331
9332
9333
9333
9333
9334
9337
9337
9337
9337
9339
9339
9340
9340
9341
9341
9341
9343
9343
9343
9345
9345
9345
9345
9347
9347
9348
9348
9348
9350
9351
9352
9353
9353
9353
9355
9356
9356
9357
9358
9360
9361
9361
9361
9363
9368
9370
9370
9370
9371
9371
9374
9375
9375
9376
9384
9384
9385
9386
9386
9387
9388
9389
9390
9390
9391
9392
9394
9395
9395
9396
9396
9398
9400
9401
9402
9402
9403
9407
9407
9409
9410
9411
9413
9413
9415
9415
9416
9416
9417
9419
9419
9421
9421
9422
9423
9423
9423
9424
9424
9425
9426
9427
9427
9429
9430
9431
9432
9433
9433
9433
9436
9439
9440
9441
9441
9443
9443
9445
9445
9446
9448
9448
9451
9451
9451
9452
9452
9452
9452
9452
9452
9453
9453
9454
9454
9454
9455
9455
9456
9457
9458
9459
9459
9459
9460
9461
9464
9467
9468
9469
9470
9470
9471
9472
9472
9474
9477
9477
9477
9477
9477
9477
9478
9478
9478
9480
9480
9481
9482
9486
9486
9486
9487
9487
9489
9490
9491
9491
9492
9492
9492
9493
9494
9497
9499
9499
9500
9501
9502
9503
9503
9505
9505
9505
9506
9506
9508
9509
9509
9512
9512
9517
9517
9518
9518
9519
9524
9524
9526
9526
9527
9527
9528
9529
9530
9531
9534
9534
9534
9535
9536
9536
9537
9537
9538
9538
9539
9539
9540
9540
9540
9541
9542
9543
9543
9545
9546
9546
9547
9547
9548
9550
9551
9551
9552
9553
9553
9555
9555
9555
9556
9559
9560
9561
9561
9561
9562
9563
9563
9564
9564
9564
9565
9565
9566
9566
9569
9571
9571
9572
9574
9574
9578
9579
9579
9579
9580
9581
9582
9583
9583
9583
9585
9587
9590
9591
9593
9594
9595
9595
9596
9597
9600
9601
9601
9602
9603
9604
9604
9605
9610
9610
9610
9611
9611
9613
9613
9614
9616
9616
9616
9617
9617
9618
9619
9620
9621
9622
9624
9627
9627
9627
9628
9629
9629
9629
9630
9631
9631
9632
9633
9634
9635
9636
9636
9636
9636
9637
9637
9637
9638
9639
9639
9639
9639
9640
9640
9642
9645
9647
9647
9648
9649
9652
9652
9652
9653
9653
9655
9656
9656
9656
9656
9657
9658
9658
9659
9659
9660
9660
9660
9662
9662
9664
9666
9666
9669
9670
9671
9671
9671
9671
9671
9672
9673
9673
9673
9673
9674
9674
9676
9676
9677
9677
9677
9678
9678
9679
9680
9680
9681
9681
9683
9683
9683
9684
9684
9685
9685
9687
9689
9690
9691
9691
9693
9694
9695
9698
9700
9701
9702
9703
9703
9706
9708
9710
9711
9711
9712
9713
9713
9715
9715
9716
9716
9716
9716
9717
9719
9720
9720
9722
9722
9722
9724
9724
9725
9727
9727
9730
9731
9732
9733
9733
9734
9734
9735
9736
9738
9739
9740
9742
9743
9743
9743
9745
9747
9749
9750
9750
9752
9753
9753
9754
9756
9757
9757
9760
9762
9765
9765
9767
9768
9768
9768
9771
9772
9772
9773
9773
9773
9774
9775
9775
9778
9778
9778
9778
9779
9780
9781
9782
9783
9783
9785
9787
9789
9792
9792
9794
9797
9798
9799
9799
9800
9800
9801
9803
9803
9805
9806
9806
9811
9812
9812
9812
9812
9813
9813
9814
9814
9815
9816
9818
9818
9821
9822
9822
9822
9822
9824
9825
9826
9827
9828
9828
9829
9830
9831
9833
9833
9833
9834
9834
9836
9838
9838
9838
9839
9840
9841
9844
9846
9846
9846
9848
9848
9849
9849
9852
9855
9855
9859
9860
9863
9863
9863
9864
9864
9864
9864
9865
9866
9866
9866
9867
9867
9868
9869
9872
9873
9873
9873
9876
9878
9878
9878
9879
9880
9882
9883
9885
9885
9886
9886
9886
9887
9889
9889
9891
9892
9893
9894
9894
9896
9897
9898
9899
9900
9900
9900
9900
9900
9901
9901
9902
9902
9904
9904
9906
9906
9906
9907
9908
9910
9911
9911
9912
9912
9913
9913
9915
9915
9917
9917
9918
9921
9922
9922
9924
9924
9926
9927
9928
9928
9928
9929
9930
9930
9931
9931
9932
9932
9932
9933
9933
9934
9936
9936
9937
9938
9938
9939
9940
9940
9941
9945
9945
9945
9946
9946
9947
9948
9950
9950
9951
9951
9952
9953
9954
9956
9959
9960
9960
9961
9961
9961
9962
9964
9964
9965
9966
9966
9967
9967
9970
9970
9971
9972
9973
9973
9973
9975
9978
9978
9979
9979
9980
9981
9982
9982
9985
9985
9986
9986
9987
9988
9989
9990
9991
9991
9993
9993
9994
9997
9998
10000
