1
2
3
4
5
6
7
8
9
10
11
12
13
14
15
16
17
18
19
20
21
22
23
24
25
26
27
28
29
30
31
32
33
34
35
36
37
38
39
40
41
42
43
44
45
46
47
48
49
50
51
52
53
54
55
56
57
58
59
60
61
62
63
64
65
66
67
68
69
70
71
72
73
74
75
76
77
78
79
80
81
82
83
84
85
86
87
88
89
90
91
92
93
94
95
96
97
98
99
100
101
102
103
104
105
106
107
108
109
110
111
112
113
114
115
116
117
118
119
120
121
122
123
124
125
126
127
128
129
130
131
132
133
134
135
136
137
138
139
140
141
142
143
144
145
146
147
148
149
150
151
152
153
154
155
156
157
158
159
160
161
162
163
164
165
166
167
168
169
170
171
172
173
174
175
176
177
178
179
180
181
182
183
184
185
186
187
188
189
190
191
192
193
194
195
196
197
198
199
200
201
202
203
204
205
206
207
208
209
210
211
212
213
214
215
216
217
218
219
220
221
222
223
224
225
226
227
228
229
230
231
232
233
234
235
236
237
238
239
240
241
242
243
244
245
246
247
248
249
250
251
252
253
254
255
256
257
258
259
260
261
262
263
264
265
266
267
268
269
270
271
272
273
274
275
276
277
278
279
280
281
282
283
284
285
286
287
288
289
290
291
292
293
294
295
296
297
298
299
300
301
302
303
304
305
306
307
308
309
310
311
312
313
314
315
316
317
318
319
320
321
322
323
324
325
326
327
328
329
330
331
332
333
334
335
336
337
338
339
340
341
342
343
344
345
346
347
348
349
350
351
352
353
354
355
356
357
358
359
360
361
362
363
364
365
366
367
368
369
370
371
372
373
374
375
376
377
378
379
380
381
382
383
384
385
386
387
388
389
390
391
392
393
394
395
396
397
398
399
400
401
402
403
404
405
406
407
408
409
410
411
412
413
414
415
416
417
418
419
420
421
422
423
424
425
426
427
428
429
430
431
432
433
434
435
436
437
438
439
440
441
442
443
444
445
446
447
448
449
450
451
452
453
454
455
456
457
458
459
460
461
462
463
464
465
466
467
468
469
470
471
472
473
474
475
476
477
478
479
480
481
482
483
484
485
486
487
488
489
490
491
492
493
494
495
496
497
498
499
500
501
502
503
504
505
506
507
508
509
510
511
512
513
514
515
516
517
518
519
520
521
522
523
524
525
526
527
528
529
530
531
532
533
534
535
536
537
538
539
540
541
542
543
544
545
546
547
548
549
550
551
552
553
554
555
556
557
558
559
560
561
562
563
564
565
566
567
568
569
570
571
572
573
574
575
576
577
578
579
580
581
582
583
584
585
586
587
588
589
590
591
592
593
594
595
596
597
598
599
600
601
602
603
604
605
606
607
608
609
610
611
612
613
614
615
616
617
618
619
620
621
622
623
624
625
626
627
628
629
630
631
632
633
634
635
636
637
638
639
640
641
642
643
644
645
646
647
648
649
650
651
652
653
654
655
656
657
658
659
660
661
662
663
664
665
666
667
668
669
670
671
672
673
674
675
676
677
678
679
680
681
682
683
684
685
686
687
688
689
690
691
692
693
694
695
696
697
698
699
700
701
702
703
704
705
706
707
708
709
710
711
712
713
714
715
716
717
718
719
720
721
722
723
724
725
726
727
728
729
730
731
732
733
734
735
736
737
738
739
740
741
742
743
744
745
746
747
748
749
750
751
752
753
754
755
756
757
758
759
760
761
762
763
764
765
766
767
768
769
770
771
772
773
774
775
776
777
778
779
780
781
782
783
784
785
786
787
788
789
790
791
792
793
794
795
796
797
798
799
800
801
802
803
804
805
806
807
808
809
810
811
812
813
814
815
816
817
818
819
820
821
822
823
824
825
826
827
828
829
830
831
832
833
834
835
836
837
838
839
840
841
842
843
844
845
846
847
848
849
850
851
852
853
854
855
856
857
858
859
860
861
862
863
864
865
866
867
868
869
870
871
872
873
874
875
876
877
878
879
880
881
882
883
884
885
886
887
888
889
890
891
892
893
894
895
896
897
898
899
900
901
902
903
904
905
906
907
908
909
910
911
912
913
914
915
916
917
918
919
920
921
922
923
924
925
926
927
928
929
930
931
932
933
934
935
936
937
938
939
940
941
942
943
944
945
946
947
948
949
950
951
952
953
954
955
956
957
958
959
960
961
962
963
964
965
966
967
968
969
970
971
972
973
974
975
976
977
978
979
980
981
982
983
984
985
986
987
988
989
990
991
992
993
994
995
996
997
998
999
1000
1001
1002
1003
1004
1005
1006
1007
1008
1009
1010
1011
1012
1013
1014
1015
1016
1017
1018
1019
1020
1021
1022
1023
1024
1025
1026
1027
1028
1029
1030
1031
1032
1033
1034
1035
1036
1037
1038
1039
1040
1041
1042
1043
1044
1045
1046
1047
1048
1049
1050
1051
1052
1053
1054
1055
1056
1057
1058
1059
1060
1061
1062
1063
1064
1065
1066
1067
1068
1069
1070
1071
1072
1073
1074
1075
1076
1077
1078
1079
1080
1081
1082
1083
1084
1085
1086
1087
1088
1089
1090
1091
1092
1093
1094
1095
1096
1097
1098
1099
1100
1101
1102
1103
1104
1105
1106
1107
1108
1109
1110
1111
1112
1113
1114
1115
1116
1117
1118
1119
1120
1121
1122
1123
1124
1125
1126
1127
1128
1129
1130
1131
1132
1133
1134
1135
1136
1137
1138
1139
1140
1141
1142
1143
1144
1145
1146
1147
1148
1149
1150
1151
1152
1153
1154
1155
1156
1157
1158
1159
1160
1161
1162
1163
1164
1165
1166
1167
1168
1169
1170
1171
1172
1173
1174
1175
1176
1177
1178
1179
1180
1181
1182
1183
1184
1185
1186
1187
1188
1189
1190
1191
1192
1193
1194
1195
1196
1197
1198
1199
1200
1201
1202
1203
1204
1205
1206
1207
1208
1209
1210
1211
1212
1213
1214
1215
1216
1217
1218
1219
1220
1221
1222
1223
1224
1225
1226
1227
1228
1229
1230
1231
1232
1233
1234
1235
1236
1237
1238
1239
1240
1241
1242
1243
1244
1245
1246
1247
1248
1249
1250
1251
1252
1253
1254
1255
1256
1257
1258
1259
1260
1261
1262
1263
1264
1265
1266
1267
1268
1269
1270
1271
1272
1273
1274
1275
1276
1277
1278
1279
1280
1281
1282
1283
1284
1285
1286
1287
1288
1289
1290
1291
1292
1293
1294
1295
1296
1297
1298
1299
1300
1301
1302
1303
1304
1305
1306
1307
1308
1309
1310
1311
1312
1313
1314
1315
1316
1317
1318
1319
1320
1321
1322
1323
1324
1325
1326
1327
1328
1329
1330
1331
1332
1333
1334
1335
1336
1337
1338
1339
1340
1341
1342
1343
1344
1345
1346
1347
1348
1349
1350
1351
1352
1353
1354
1355
1356
1357
1358
1359
1360
1361
1362
1363
1364
1365
1366
1367
1368
1369
1370
1371
1372
1373
1374
1375
1376
1377
1378
1379
1380
1381
1382
1383
1384
1385
1386
1387
1388
1389
1390
1391
1392
1393
1394
1395
1396
1397
1398
1399
1400
1401
1402
1403
1404
1405
1406
1407
1408
1409
1410
1411
1412
1413
1414
1415
1416
1417
1418
1419
1420
1421
1422
1423
1424
1425
1426
1427
1428
1429
1430
1431
1432
1433
1434
1435
1436
1437
1438
1439
1440
1441
1442
1443
1444
1445
1446
1447
1448
1449
1450
1451
1452
1453
1454
1455
1456
1457
1458
1459
1460
1461
1462
1463
1464
1465
1466
1467
1468
1469
1470
1471
1472
1473
1474
1475
1476
1477
1478
1479
1480
1481
1482
1483
1484
1485
1486
1487
1488
1489
1490
1491
1492
1493
1494
1495
1496
1497
1498
1499
1500
1501
1502
1503
1504
1505
1506
1507
1508
1509
1510
1511
1512
1513
1514
1515
1516
1517
1518
1519
1520
1521
1522
1523
1524
1525
1526
1527
1528
1529
1530
1531
1532
1533
1534
1535
1536
1537
1538
1539
1540
1541
1542
1543
1544
1545
1546
1547
1548
1549
1550
1551
1552
1553
1554
1555
1556
1557
1558
1559
1560
1561
1562
1563
1564
1565
1566
1567
1568
1569
1570
1571
1572
1573
1574
1575
1576
1577
1578
1579
1580
1581
1582
1583
1584
1585
1586
1587
1588
1589
1590
1591
1592
1593
1594
1595
1596
1597
1598
1599
1600
1601
1602
1603
1604
1605
1606
1607
1608
1609
1610
1611
1612
1613
1614
1615
1616
1617
1618
1619
1620
1621
1622
1623
1624
1625
1626
1627
1628
1629
1630
1631
1632
1633
1634
1635
1636
1637
1638
1639
1640
1641
1642
1643
1644
1645
1646
1647
1648
1649
1650
1651
1652
1653
1654
1655
1656
1657
1658
1659
1660
1661
1662
1663
1664
1665
1666
1667
1668
1669
1670
1671
1672
1673
1674
1675
1676
1677
1678
1679
1680
1681
1682
1683
1684
1685
1686
1687
1688
1689
1690
1691
1692
1693
1694
1695
1696
1697
1698
1699
1700
1701
1702
1703
1704
1705
1706
1707
1708
1709
1710
1711
1712
1713
1714
1715
1716
1717
1718
1719
1720
1721
1722
1723
1724
1725
1726
1727
1728
1729
1730
1731
1732
1733
1734
1735
1736
1737
1738
1739
1740
1741
1742
1743
1744
1745
1746
1747
1748
1749
1750
1751
1752
1753
1754
1755
1756
1757
1758
1759
1760
1761
1762
1763
1764
1765
1766
1767
1768
1769
1770
1771
1772
1773
1774
1775
1776
1777
1778
1779
1780
1781
1782
1783
1784
1785
1786
1787
1788
1789
1790
1791
1792
1793
1794
1795
1796
1797
1798
1799
1800
1801
1802
1803
1804
1805
1806
1807
1808
1809
1810
1811
1812
1813
1814
1815
1816
1817
1818
1819
1820
1821
1822
1823
1824
1825
1826
1827
1828
1829
1830
1831
1832
1833
1834
1835
1836
1837
1838
1839
1840
1841
1842
1843
1844
1845
1846
1847
1848
1849
1850
1851
1852
1853
1854
1855
1856
1857
1858
1859
1860
1861
1862
1863
1864
1865
1866
1867
1868
1869
1870
1871
1872
1873
1874
1875
1876
1877
1878
1879
1880
1881
1882
1883
1884
1885
1886
1887
1888
1889
1890
1891
1892
1893
1894
1895
1896
1897
1898
1899
1900
1901
1902
1903
1904
1905
1906
1907
1908
1909
1910
1911
1912
1913
1914
1915
1916
1917
1918
1919
1920
1921
1922
1923
1924
1925
1926
1927
1928
1929
1930
1931
1932
1933
1934
1935
1936
1937
1938
1939
1940
1941
1942
1943
1944
1945
1946
1947
1948
1949
1950
1951
1952
1953
1954
1955
1956
1957
1958
1959
1960
1961
1962
1963
1964
1965
1966
1967
1968
1969
1970
1971
1972
1973
1974
1975
1976
1977
1978
1979
1980
1981
1982
1983
1984
1985
1986
1987
1988
1989
1990
1991
1992
1993
1994
1995
1996
1997
1998
1999
2000
2002
2002
2006
2006
2007
2007
2008
2008
2009
2009
2011
2011
2012
2012
2012
2012
2015
2015
2015
2015
2021
2021
2021
2021
2030
2030
2031
2031
2043
2043
2050
2050
2056
2056
2058
2058
2062
2062
2063
2063
2066
2066
2066
2066
2067
2067
2068
2068
2069
2069
2070
2070
2073
2073
2074
2074
2074
2074
2075
2075
2076
2076
2077
2077
2079
2079
2081
2081
2082
2082
2085
2085
2085
2085
2089
2089
2090
2090
2091
2091
2093
2093
2094
2094
2095
2095
2096
2096
2098
2098
2102
2102
2105
2105
2105
2105
2106
2106
2106
2106
2107
2107
2107
2107
2107
2107
2107
2107
2109
2109
2110
2110
2110
2110
2111
2111
2112
2112
2114
2114
2117
2117
2118
2118
2120
2120
2130
2130
2136
2136
2136
2136
2138
2138
2141
2141
2141
2141
2144
2144
2145
2145
2146
2146
2147
2147
2147
2147
2148
2148
2153
2153
2155
2155
2155
2155
2156
2156
2158
2158
2163
2163
2164
2164
2164
2164
2165
2165
2170
2170
2172
2172
2174
2174
2174
2174
2177
2177
2179
2179
2181
2181
2183
2183
2184
2184
2185
2185
2185
2185
2186
2186
2187
2187
2188
2188
2192
2192
2193
2193
2194
2194
2197
2197
2200
2200
2201
2201
2202
2202
2204
2204
2205
2205
2210
2210
2212
2212
2213
2213
2215
2215
2220
2220
2223
2223
2223
2223
2224
2224
2229
2229
2231
2231
2233
2233
2235
2235
2237
2237
2239
2239
2240
2240
2243
2243
2245
2245
2249
2249
2250
2250
2250
2250
2252
2252
2253
2253
2253
2253
2254
2254
2256
2256
2256
2256
2256
2256
2260
2260
2265
2265
2266
2266
2267
2267
2270
2270
2270
2270
2272
2272
2273
2273
2277
2277
2277
2277
2278
2278
2278
2278
2280
2280
2281
2281
2281
2281
2282
2282
2286
2286
2288
2288
2289
2289
2292
2292
2294
2294
2297
2297
2302
2302
2303
2303
2304
2304
2308
2308
2311
2311
2312
2312
2314
2314
2314
2314
2317
2317
2322
2322
2335
2335
2336
2336
2337
2337
2337
2337
2338
2338
2344
2344
2348
2348
2350
2350
2350
2350
2350
2350
2352
2352
2353
2353
2354
2354
2356
2356
2356
2356
2364
2364
2367
2367
2368
2368
2368
2368
2368
2368
2369
2369
2370
2370
2371
2371
2372
2372
2374
2374
2376
2376
2376
2376
2380
2380
2380
2380
2381
2381
2382
2382
2385
2385
2386
2386
2392
2392
2398
2398
2404
2404
2408
2408
2408
2408
2409
2409
2409
2409
2409
2409
2413
2413
2415
2415
2416
2416
2419
2419
2423
2423
2427
2427
2429
2429
2430
2430
2430
2430
2433
2433
2434
2434
2435
2435
2436
2436
2440
2440
2443
2443
2444
2444
2445
2445
2448
2448
2450
2450
2453
2453
2455
2455
2456
2456
2458
2458
2459
2459
2461
2461
2464
2464
2465
2465
2466
2466
2468
2468
2470
2470
2470
2470
2472
2472
2474
2474
2475
2475
2477
2477
2477
2477
2478
2478
2479
2479
2480
2480
2487
2487
2489
2489
2491
2491
2492
2492
2493
2493
2494
2494
2495
2495
2496
2496
2498
2498
2499
2499
2499
2499
2499
2499
2502
2502
2502
2502
2503
2503
2505
2505
2510
2510
2513
2513
2520
2520
2523
2523
2524
2524
2526
2526
2526
2526
2528
2528
2528
2528
2529
2529
2532
2532
2532
2532
2534
2534
2535
2535
2537
2537
2540
2540
2541
2541
2541
2541
2542
2542
2543
2543
2543
2543
2544
2544
2544
2544
2545
2545
2546
2546
2547
2547
2552
2552
2556
2556
2559
2559
2559
2559
2560
2560
2565
2565
2569
2569
2569
2569
2570
2570
2571
2571
2572
2572
2572
2572
2573
2573
2574
2574
2577
2577
2580
2580
2587
2587
2588
2588
2589
2589
2590
2590
2590
2590
2592
2592
2596
2596
2598
2598
2600
2600
2602
2602
2603
2603
2604
2604
2607
2607
2607
2607
2608
2608
2609
2609
2610
2610
2611
2611
2614
2614
2616
2616
2618
2618
2622
2622
2624
2624
2624
2624
2625
2625
2627
2627
2630
2630
2630
2630
2632
2632
2634
2634
2636
2636
2636
2636
2638
2638
2638
2638
2639
2639
2646
2646
2653
2653
2653
2653
2653
2653
2654
2654
2656
2656
2657
2657
2667
2667
2668
2668
2669
2669
2669
2669
2669
2669
2670
2670
2671
2671
2672
2672
2672
2672
2672
2672
2673
2673
2674
2674
2678
2678
2680
2680
2681
2681
2682
2682
2684
2684
2687
2687
2688
2688
2688
2688
2692
2692
2696
2696
2698
2698
2700
2700
2701
2701
2702
2702
2703
2703
2707
2707
2713
2713
2713
2713
2714
2714
2716
2716
2719
2719
2724
2724
2725
2725
2732
2732
2732
2732
2732
2732
2734
2734
2736
2736
2737
2737
2742
2742
2743
2743
2750
2750
2751
2751
2752
2752
2755
2755
2756
2756
2757
2757
2765
2765
2766
2766
2767
2767
2769
2769
2770
2770
2770
2770
2771
2771
2771
2771
2774
2774
2775
2775
2775
2775
2780
2780
2782
2782
2785
2785
2787
2787
2791
2791
2795
2795
2802
2802
2803
2803
2805
2805
2807
2807
2807
2807
2808
2808
2810
2810
2812
2812
2813
2813
2814
2814
2821
2821
2823
2823
2824
2824
2824
2824
2826
2826
2828
2828
2832
2832
2836
2836
2838
2838
2840
2840
2843
2843
2846
2846
2850
2850
2851
2851
2854
2854
2856
2856
2857
2857
2860
2860
2862
2862
2863
2863
2864
2864
2867
2867
2868
2868
2874
2874
2875
2875
2877
2877
2881
2881
2882
2882
2886
2886
2887
2887
2892
2892
2893
2893
2894
2894
2894
2894
2901
2901
2905
2905
2908
2908
2908
2908
2911
2911
2912
2912
2913
2913
2916
2916
2916
2916
2917
2917
2917
2917
2919
2919
2920
2920
2922
2922
2922
2922
2925
2925
2925
2925
2926
2926
2926
2926
2929
2929
2929
2929
2937
2937
2937
2937
2940
2940
2942
2942
2942
2942
2943
2943
2943
2943
2944
2944
2944
2944
2947
2947
2949
2949
2952
2952
2955
2955
2962
2962
2965
2965
2967
2967
2967
2967
2968
2968
2974
2974
2975
2975
2975
2975
2977
2977
2981
2981
2985
2985
2990
2990
2991
2991
2994
2994
2995
2995
2995
2995
2997
2997
2997
2997
2999
2999
3004
3004
3004
3004
3005
3005
3009
3009
3010
3010
3011
3011
3013
3013
3016
3016
3021
3021
3022
3022
3022
3022
3022
3022
3024
3024
3025
3025
3026
3026
3027
3027
3028
3028
3029
3029
3035
3035
3036
3036
3045
3045
3047
3047
3048
3048
3049
3049
3053
3053
3055
3055
3056
3056
3056
3056
3058
3058
3062
3062
3062
3062
3063
3063
3064
3064
3064
3064
3068
3068
3069
3069
3069
3069
3070
3070
3073
3073
3073
3073
3074
3074
3075
3075
3079
3079
3080
3080
3084
3084
3086
3086
3087
3087
3090
3090
3090
3090
3092
3092
3092
3092
3093
3093
3095
3095
3096
3096
3096
3096
3098
3098
3102
3102
3110
3110
3113
3113
3114
3114
3117
3117
3121
3121
3121
3121
3124
3124
3125
3125
3126
3126
3128
3128
3129
3129
3131
3131
3132
3132
3135
3135
3139
3139
3144
3144
3147
3147
3147
3147
3148
3148
3149
3149
3150
3150
3152
3152
3153
3153
3154
3154
3158
3158
3162
3162
3166
3166
3175
3175
3175
3175
3176
3176
3178
3178
3178
3178
3181
3181
3181
3181
3186
3186
3186
3186
3187
3187
3188
3188
3189
3189
3189
3189
3191
3191
3193
3193
3194
3194
3194
3194
3198
3198
3201
3201
3202
3202
3204
3204
3211
3211
3213
3213
3214
3214
3214
3214
3217
3217
3219
3219
3219
3219
3224
3224
3226
3226
3228
3228
3229
3229
3234
3234
3234
3234
3235
3235
3236
3236
3236
3236
3237
3237
3240
3240
3241
3241
3244
3244
3244
3244
3247
3247
3247
3247
3256
3256
3260
3260
3265
3265
3267
3267
3274
3274
3277
3277
3278
3278
3280
3280
3281
3281
3282
3282
3283
3283
3284
3284
3286
3286
3287
3287
3288
3288
3288
3288
3289
3289
3290
3290
3290
3290
3293
3293
3294
3294
3296
3296
3297
3297
3297
3297
3297
3297
3299
3299
3301
3301
3301
3301
3306
3306
3306
3306
3307
3307
3309
3309
3314
3314
3314
3314
3315
3315
3315
3315
3316
3316
3321
3321
3323
3323
3325
3325
3327
3327
3331
3331
3331
3331
3333
3333
3335
3335
3337
3337
3337
3337
3338
3338
3345
3345
3345
3345
3347
3347
3347
3347
3349
3349
3351
3351
3353
3353
3358
3358
3361
3361
3364
3364
3368
3368
3371
3371
3373
3373
3381
3381
3382
3382
3384
3384
3387
3387
3387
3387
3388
3388
3388
3388
3389
3389
3393
3393
3395
3395
3398
3398
3399
3399
3401
3401
3402
3402
3405
3405
3410
3410
3412
3412
3412
3412
3413
3413
3414
3414
3419
3419
3419
3419
3422
3422
3423
3423
3424
3424
3427
3427
3427
3427
3428
3428
3429
3429
3431
3431
3437
3437
3440
3440
3440
3440
3443
3443
3445
3445
3454
3454
3456
3456
3459
3459
3461
3461
3462
3462
3462
3462
3471
3471
3473
3473
3482
3482
3484
3484
3488
3488
3490
3490
3492
3492
3494
3494
3494
3494
3496
3496
3497
3497
3497
3497
3499
3499
3500
3500
3500
3500
3503
3503
3506
3506
3506
3506
3512
3512
3513
3513
3515
3515
3517
3517
3522
3522
3524
3524
3530
3530
3536
3536
3538
3538
3542
3542
3544
3544
3544
3544
3549
3549
3549
3549
3550
3550
3554
3554
3560
3560
3563
3563
3567
3567
3569
3569
3570
3570
3571
3571
3571
3571
3572
3572
3575
3575
3576
3576
3578
3578
3579
3579
3584
3584
3585
3585
3587
3587
3587
3587
3591
3591
3591
3591
3595
3595
3598
3598
3600
3600
3608
3608
3608
3608
3615
3615
3615
3615
3616
3616
3619
3619
3622
3622
3625
3625
3626
3626
3627
3627
3628
3628
3629
3629
3638
3638
3640
3640
3647
3647
3650
3650
3650
3650
3653
3653
3658
3658
3660
3660
3664
3664
3666
3666
3668
3668
3669
3669
3669
3669
3671
3671
3677
3677
3679
3679
3685
3685
3690
3690
3692
3692
3692
3692
3695
3695
3695
3695
3698
3698
3700
3700
3700
3700
3703
3703
3707
3707
3710
3710
3713
3713
3715
3715
3715
3715
3717
3717
3723
3723
3724
3724
3732
3732
3732
3732
3733
3733
3736
3736
3738
3738
3738
3738
3740
3740
3746
3746
3747
3747
3748
3748
3748
3748
3749
3749
3750
3750
3757
3757
3758
3758
3759
3759
3759
3759
3761
3761
3763
3763
3765
3765
3767
3767
3768
3768
3770
3770
3772
3772
3773
3773
3774
3774
3774
3774
3776
3776
3777
3777
3777
3777
3777
3777
3781
3781
3781
3781
3781
3781
3781
3781
3787
3787
3787
3787
3792
3792
3796
3796
3797
3797
3798
3798
3798
3798
3799
3799
3799
3799
3802
3802
3813
3813
3814
3814
3815
3815
3817
3817
3820
3820
3824
3824
3829
3829
3831
3831
3833
3833
3834
3834
3835
3835
3837
3837
3838
3838
3840
3840
3850
3850
3850
3850
3853
3853
3855
3855
3856
3856
3857
3857
3858
3858
3860
3860
3863
3863
3865
3865
3867
3867
3870
3870
3873
3873
3873
3873
3873
3873
3874
3874
3875
3875
3876
3876
3878
3878
3880
3880
3881
3881
3881
3881
3881
3881
3882
3882
3883
3883
3886
3886
3888
3888
3889
3889
3889
3889
3890
3890
3890
3890
3890
3890
3890
3890
3892
3892
3895
3895
3896
3896
3898
3898
3900
3900
3903
3903
3905
3905
3909
3909
3909
3909
3910
3910
3917
3917
3919
3919
3921
3921
3923
3923
3924
3924
3924
3924
3924
3924
3927
3927
3929
3929
3930
3930
3931
3931
3935
3935
3937
3937
3940
3940
3942
3942
3948
3948
3951
3951
3952
3952
3953
3953
3953
3953
3953
3953
3954
3954
3957
3957
3961
3961
3961
3961
3963
3963
3965
3965
3966
3966
3967
3967
3968
3968
3969
3969
3972
3972
3976
3976
3976
3976
3978
3978
3980
3980
3981
3981
3984
3984
3984
3984
3987
3987
3993
3993
3994
3994
4000
4000
4000
4000
4001
4001
4002
4002
4006
4006
4006
4006
4010
4010
4014
4014
4020
4020
4022
4022
4022
4022
4033
4033
4035
4035
4036
4036
4037
4037
4038
4038
4038
4038
4038
4038
4040
4040
4044
4044
4046
4046
4046
4046
4050
4050
4051
4051
4052
4052
4057
4057
4058
4058
4060
4060
4067
4067
4073
4073
4074
4074
4074
4074
4076
4076
4080
4080
4080
4080
4081
4081
4084
4084
4084
4084
4087
4087
4088
4088
4089
4089
4089
4089
4090
4090
4092
4092
4097
4097
4098
4098
4100
4100
4102
4102
4109
4109
4114
4114
4115
4115
4115
4115
4119
4119
4126
4126
4127
4127
4128
4128
4128
4128
4129
4129
4130
4130
4131
4131
4131
4131
4133
4133
4135
4135
4135
4135
4137
4137
4138
4138
4143
4143
4145
4145
4149
4149
4153
4153
4154
4154
4160
4160
4164
4164
4166
4166
4166
4166
4167
4167
4170
4170
4172
4172
4174
4174
4179
4179
4181
4181
4182
4182
4182
4182
4182
4182
4183
4183
4185
4185
4189
4189
4191
4191
4191
4191
4193
4193
4194
4194
4194
4194
4198
4198
4198
4198
4200
4200
4202
4202
4203
4203
4204
4204
4207
4207
4208
4208
4210
4210
4211
4211
4212
4212
4213
4213
4214
4214
4216
4216
4218
4218
4220
4220
4221
4221
4221
4221
4222
4222
4223
4223
4223
4223
4224
4224
4227
4227
4229
4229
4229
4229
4230
4230
4231
4231
4232
4232
4233
4233
4234
4234
4235
4235
4235
4235
4236
4236
4236
4236
4237
4237
4237
4237
4238
4238
4238
4238
4239
4239
4240
4240
4242
4242
4243
4243
4246
4246
4247
4247
4252
4252
4253
4253
4257
4257
4259
4259
4261
4261
4265
4265
4267
4267
4267
4267
4269
4269
4269
4269
4273
4273
4274
4274
4275
4275
4277
4277
4278
4278
4278
4278
4279
4279
4279
4279
4281
4281
4281
4281
4282
4282
4285
4285
4287
4287
4289
4289
4291
4291
4292
4292
4292
4292
4292
4292
4294
4294
4295
4295
4298
4298
4298
4298
4299
4299
4303
4303
4307
4307
4309
4309
4313
4313
4314
4314
4314
4314
4320
4320
4322
4322
4322
4322
4324
4324
4328
4328
4328
4328
4329
4329
4331
4331
4331
4331
4336
4336
4337
4337
4341
4341
4341
4341
4341
4341
4344
4344
4347
4347
4350
4350
4351
4351
4352
4352
4352
4352
4353
4353
4354
4354
4354
4354
4357
4357
4359
4359
4362
4362
4367
4367
4367
4367
4367
4367
4370
4370
4371
4371
4373
4373
4374
4374
4375
4375
4375
4375
4376
4376
4378
4378
4380
4380
4382
4382
4385
4385
4385
4385
4390
4390
4392
4392
4392
4392
4395
4395
4396
4396
4397
4397
4403
4403
4403
4403
4404
4404
4405
4405
4406
4406
4411
4411
4411
4411
4413
4413
4414
4414
4415
4415
4422
4422
4425
4425
4425
4425
4429
4429
4430
4430
4432
4432
4433
4433
4433
4433
4433
4433
4434
4434
4436
4436
4439
4439
4440
4440
4443
4443
4445
4445
4446
4446
4448
4448
4451
4451
4452
4452
4452
4452
4455
4455
4455
4455
4464
4464
4465
4465
4466
4466
4467
4467
4467
4467
4469
4469
4469
4469
4474
4474
4477
4477
4482
4482
4485
4485
4485
4485
4487
4487
4487
4487
4491
4491
4491
4491
4492
4492
4497
4497
4502
4502
4502
4502
4506
4506
4506
4506
4508
4508
4508
4508
4511
4511
4511
4511
4514
4514
4514
4514
4514
4514
4514
4514
4517
4517
4518
4518
4518
4518
4518
4518
4519
4519
4519
4519
4521
4521
4527
4527
4528
4528
4528
4528
4530
4530
4533
4533
4534
4534
4535
4535
4535
4535
4536
4536
4539
4539
4540
4540
4540
4540
4543
4543
4544
4544
4546
4546
4550
4550
4553
4553
4560
4560
4560
4560
4563
4563
4565
4565
4568
4568
4572
4572
4573
4573
4573
4573
4574
4574
4574
4574
4582
4582
4584
4584
4585
4585
4588
4588
4590
4590
4600
4600
4602
4602
4602
4602
4603
4603
4605
4605
4607
4607
4612
4612
4614
4614
4615
4615
4616
4616
4618
4618
4619
4619
4621
4621
4622
4622
4623
4623
4625
4625
4626
4626
4631
4631
4633
4633
4633
4633
4634
4634
4636
4636
4638
4638
4638
4638
4639
4639
4643
4643
4647
4647
4648
4648
4648
4648
4656
4656
4657
4657
4657
4657
4658
4658
4658
4658
4663
4663
4664
4664
4665
4665
4665
4665
4666
4666
4668
4668
4669
4669
4673
4673
4675
4675
4680
4680
4680
4680
4681
4681
4683
4683
4683
4683
4685
4685
4686
4686
4687
4687
4687
4687
4687
4687
4692
4692
4693
4693
4694
4694
4695
4695
4701
4701
4702
4702
4702
4702
4707
4707
4709
4709
4709
4709
4712
4712
4712
4712
4716
4716
4718
4718
4722
4722
4723
4723
4724
4724
4725
4725
4727
4727
4727
4727
4729
4729
4730
4730
4733
4733
4733
4733
4735
4735
4737
4737
4738
4738
4739
4739
4740
4740
4740
4740
4741
4741
4743
4743
4744
4744
4745
4745
4746
4746
4749
4749
4751
4751
4755
4755
4757
4757
4757
4757
4761
4761
4762
4762
4767
4767
4770
4770
4774
4774
4777
4777
4778
4778
4781
4781
4781
4781
4788
4788
4792
4792
4796
4796
4798
4798
4799
4799
4799
4799
4802
4802
4807
4807
4808
4808
4808
4808
4809
4809
4809
4809
4811
4811
4812
4812
4815
4815
4815
4815
4816
4816
4817
4817
4819
4819
4819
4819
4823
4823
4824
4824
4826
4826
4827
4827
4828
4828
4832
4832
4833
4833
4834
4834
4834
4834
4835
4835
4840
4840
4840
4840
4846
4846
4846
4846
4848
4848
4848
4848
4850
4850
4852
4852
4852
4852
4855
4855
4859
4859
4861
4861
4866
4866
4866
4866
4868
4868
4869
4869
4870
4870
4871
4871
4871
4871
4877
4877
4884
4884
4886
4886
4887
4887
4890
4890
4891
4891
4891
4891
4895
4895
4899
4899
4908
4908
4908
4908
4909
4909
4910
4910
4910
4910
4911
4911
4911
4911
4913
4913
4915
4915
4916
4916
4918
4918
4918
4918
4919
4919
4922
4922
4925
4925
4931
4931
4934
4934
4934
4934
4935
4935
4937
4937
4937
4937
4938
4938
4940
4940
4942
4942
4942
4942
4948
4948
4948
4948
4953
4953
4957
4957
4957
4957
4965
4965
4976
4976
4978
4978
4979
4979
4982
4982
4983
4983
4983
4983
4986
4986
4987
4987
4989
4989
4990
4990
4991
4991
4991
4991
4997
4997
4999
4999
5000
5000
5000
5000
5002
5002
5003
5003
5004
5004
5007
5007
5007
5007
5007
5007
5009
5009
5009
5009
5011
5011
5013
5013
5013
5013
5021
5021
5022
5022
5023
5023
5023
5023
5024
5024
5024
5024
5025
5025
5030
5030
5030
5030
5033
5033
5033
5033
5038
5038
5042
5042
5047
5047
5051
5051
5055
5055
5060
5060
5060
5060
5061
5061
5063
5063
5066
5066
5067
5067
5074
5074
5074
5074
5074
5074
5075
5075
5076
5076
5084
5084
5089
5089
5090
5090
5092
5092
5092
5092
5095
5095
5099
5099
5102
5102
5106
5106
5106
5106
5107
5107
5107
5107
5109
5109
5110
5110
5115
5115
5124
5124
5126
5126
5126
5126
5128
5128
5129
5129
5133
5133
5134
5134
5135
5135
5142
5142
5142
5142
5145
5145
5151
5151
5159
5159
5161
5161
5162
5162
5162
5162
5163
5163
5164
5164
5165
5165
5167
5167
5167
5167
5167
5167
5168
5168
5170
5170
5171
5171
5178
5178
5178
5178
5180
5180
5180
5180
5180
5180
5181
5181
5182
5182
5183
5183
5185
5185
5186
5186
5189
5189
5193
5193
5194
5194
5198
5198
5204
5204
5204
5204
5205
5205
5208
5208
5210
5210
5211
5211
5212
5212
5215
5215
5217
5217
5218
5218
5218
5218
5220
5220
5228
5228
5232
5232
5236
5236
5240
5240
5241
5241
5241
5241
5242
5242
5243
5243
5245
5245
5246
5246
5246
5246
5246
5246
5247
5247
5254
5254
5255
5255
5258
5258
5260
5260
5261
5261
5262
5262
5264
5264
5267
5267
5267
5267
5269
5269
5272
5272
5272
5272
5275
5275
5277
5277
5277
5277
5278
5278
5281
5281
5282
5282
5283
5283
5286
5286
5287
5287
5288
5288
5289
5289
5290
5290
5292
5292
5293
5293
5293
5293
5294
5294
5296
5296
5298
5298
5300
5300
5301
5301
5302
5302
5305
5305
5307
5307
5308
5308
5313
5313
5314
5314
5315
5315
5323
5323
5323
5323
5324
5324
5325
5325
5327
5327
5329
5329
5334
5334
5334
5334
5335
5335
5342
5342
5347
5347
5347
5347
5349
5349
5350
5350
5351
5351
5352
5352
5354
5354
5360
5360
5360
5360
5363
5363
5366
5366
5366
5366
5368
5368
5370
5370
5371
5371
5374
5374
5376
5376
5379
5379
5380
5380
5381
5381
5385
5385
5386
5386
5386
5386
5391
5391
5392
5392
5396
5396
5402
5402
5406
5406
5406
5406
5408
5408
5411
5411
5412
5412
5416
5416
5417
5417
5419
5419
5419
5419
5422
5422
5422
5422
5424
5424
5425
5425
5426
5426
5427
5427
5427
5427
5427
5427
5428
5428
5428
5428
5437
5437
5437
5437
5437
5437
5439
5439
5439
5439
5441
5441
5441
5441
5443
5443
5444
5444
5445
5445
5446
5446
5451
5451
5451
5451
5453
5453
5459
5459
5461
5461
5464
5464
5464
5464
5464
5464
5466
5466
5467
5467
5468
5468
5473
5473
5474
5474
5474
5474
5475
5475
5476
5476
5479
5479
5485
5485
5490
5490
5492
5492
5493
5493
5494
5494
5494
5494
5495
5495
5497
5497
5497
5497
5500
5500
5504
5504
5506
5506
5507
5507
5509
5509
5510
5510
5513
5513
5515
5515
5521
5521
5522
5522
5522
5522
5523
5523
5523
5523
5526
5526
5527
5527
5528
5528
5530
5530
5530
5530
5532
5532
5533
5533
5533
5533
5538
5538
5539
5539
5539
5539
5540
5540
5542
5542
5545
5545
5545
5545
5546
5546
5547
5547
5550
5550
5552
5552
5554
5554
5554
5554
5556
5556
5557
5557
5558
5558
5559
5559
5560
5560
5561
5561
5565
5565
5567
5567
5568
5568
5570
5570
5570
5570
5572
5572
5573
5573
5574
5574
5578
5578
5581
5581
5581
5581
5581
5581
5585
5585
5587
5587
5587
5587
5587
5587
5589
5589
5590
5590
5590
5590
5593
5593
5594
5594
5613
5613
5616
5616
5616
5616
5617
5617
5619
5619
5620
5620
5624
5624
5626
5626
5628
5628
5629
5629
5633
5633
5634
5634
5641
5641
5643
5643
5647
5647
5647
5647
5650
5650
5652
5652
5658
5658
5658
5658
5658
5658
5658
5658
5663
5663
5665
5665
5666
5666
5668
5668
5669
5669
5672
5672
5676
5676
5679
5679
5682
5682
5682
5682
5683
5683
5684
5684
5686
5686
5687
5687
5688
5688
5697
5697
5700
5700
5700
5700
5700
5700
5704
5704
5706
5706
5707
5707
5707
5707
5711
5711
5714
5714
5716
5716
5721
5721
5723
5723
5723
5723
5726
5726
5728
5728
5731
5731
5734
5734
5735
5735
5737
5737
5740
5740
5744
5744
5748
5748
5749
5749
5753
5753
5754
5754
5755
5755
5758
5758
5759
5759
5760
5760
5765
5765
5768
5768
5769
5769
5774
5774
5774
5774
5777
5777
5778
5778
5783
5783
5784
5784
5788
5788
5792
5792
5794
5794
5795
5795
5798
5798
5799
5799
5799
5799
5802
5802
5804
5804
5805
5805
5805
5805
5810
5810
5813
5813
5817
5817
5821
5821
5823
5823
5826
5826
5832
5832
5835
5835
5835
5835
5838
5838
5838
5838
5839
5839
5840
5840
5842
5842
5846
5846
5846
5846
5852
5852
5859
5859
5859
5859
5860
5860
5861
5861
5864
5864
5868
5868
5871
5871
5872
5872
5873
5873
5876
5876
5876
5876
5877
5877
5880
5880
5881
5881
5881
5881
5881
5881
5887
5887
5887
5887
5888
5888
5889
5889
5890
5890
5893
5893
5893
5893
5894
5894
5895
5895
5898
5898
5900
5900
5901
5901
5907
5907
5907
5907
5908
5908
5911
5911
5911
5911
5919
5919
5919
5919
5920
5920
5920
5920
5922
5922
5922
5922
5923
5923
5924
5924
5924
5924
5926
5926
5928
5928
5929
5929
5929
5929
5931
5931
5932
5932
5932
5932
5932
5932
5935
5935
5936
5936
5936
5936
5936
5936
5939
5939
5939
5939
5939
5939
5939
5939
5940
5940
5940
5940
5945
5945
5948
5948
5948
5948
5948
5948
5950
5950
5951
5951
5951
5951
5955
5955
5957
5957
5957
5957
5958
5958
5961
5961
5970
5970
5972
5972
5979
5979
5981
5981
5983
5983
5983
5983
5983
5983
5985
5985
5987
5987
5987
5987
5988
5988
5992
5992
5992
5992
5993
5993
5994
5994
5998
5998
6001
6001
6007
6007
6008
6008
6008
6008
6009
6009
6011
6011
6012
6012
6012
6012
6017
6017
6018
6018
6019
6019
6021
6021
6022
6022
6022
6022
6023
6023
6023
6023
6025
6025
6027
6027
6030
6030
6031
6031
6033
6033
6038
6038
6039
6039
6041
6041
6042
6042
6043
6043
6044
6044
6048
6048
6049
6049
6049
6049
6052
6052
6053
6053
6055
6055
6056
6056
6057
6057
6057
6057
6058
6058
6059
6059
6059
6059
6059
6059
6070
6070
6077
6077
6077
6077
6083
6083
6086
6086
6091
6091
6098
6098
6103
6103
6103
6103
6104
6104
6104
6104
6107
6107
6107
6107
6110
6110
6113
6113
6114
6114
6115
6115
6117
6117
6120
6120
6121
6121
6123
6123
6126
6126
6127
6127
6129
6129
6129
6129
6136
6136
6136
6136
6137
6137
6138
6138
6140
6140
6142
6142
6150
6150
6152
6152
6158
6158
6162
6162
6162
6162
6163
6163
6165
6165
6166
6166
6168
6168
6170
6170
6171
6171
6174
6174
6176
6176
6176
6176
6177
6177
6177
6177
6178
6178
6180
6180
6183
6183
6184
6184
6184
6184
6187
6187
6187
6187
6189
6189
6190
6190
6191
6191
6192
6192
6196
6196
6197
6197
6198
6198
6205
6205
6206
6206
6208
6208
6215
6215
6215
6215
6216
6216
6216
6216
6219
6219
6222
6222
6224
6224
6224
6224
6224
6224
6225
6225
6229
6229
6235
6235
6235
6235
6236
6236
6238
6238
6242
6242
6244
6244
6249
6249
6254
6254
6256
6256
6257
6257
6257
6257
6259
6259
6260
6260
6260
6260
6261
6261
6263
6263
6265
6265
6266
6266
6267
6267
6267
6267
6268
6268
6268
6268
6269
6269
6270
6270
6271
6271
6272
6272
6273
6273
6273
6273
6276
6276
6278
6278
6278
6278
6281
6281
6281
6281
6281
6281
6282
6282
6282
6282
6291
6291
6296
6296
6296
6296
6300
6300
6304
6304
6305
6305
6307
6307
6307
6307
6308
6308
6311
6311
6311
6311
6313
6313
6317
6317
6319
6319
6320
6320
6321
6321
6323
6323
6323
6323
6325
6325
6325
6325
6328
6328
6331
6331
6332
6332
6335
6335
6341
6341
6343
6343
6344
6344
6345
6345
6348
6348
6353
6353
6356
6356
6359
6359
6365
6365
6370
6370
6371
6371
6373
6373
6373
6373
6374
6374
6376
6376
6376
6376
6377
6377
6378
6378
6378
6378
6379
6379
6380
6380
6380
6380
6380
6380
6383
6383
6384
6384
6385
6385
6386
6386
6387
6387
6392
6392
6397
6397
6397
6397
6397
6397
6397
6397
6398
6398
6400
6400
6400
6400
6403
6403
6406
6406
6406
6406
6408
6408
6408
6408
6410
6410
6412
6412
6417
6417
6420
6420
6423
6423
6425
6425
6426
6426
6427
6427
6427
6427
6431
6431
6434
6434
6439
6439
6439
6439
6440
6440
6441
6441
6444
6444
6451
6451
6452
6452
6453
6453
6454
6454
6454
6454
6455
6455
6459
6459
6462
6462
6467
6467
6468
6468
6472
6472
6472
6472
6473
6473
6474
6474
6475
6475
6477
6477
6480
6480
6484
6484
6490
6490
6490
6490
6492
6492
6494
6494
6499
6499
6502
6502
6504
6504
6507
6507
6510
6510
6510
6510
6512
6512
6513
6513
6513
6513
6517
6517
6519
6519
6520
6520
6520
6520
6522
6522
6525
6525
6534
6534
6536
6536
6541
6541
6542
6542
6542
6542
6542
6542
6545
6545
6548
6548
6551
6551
6551
6551
6552
6552
6554
6554
6555
6555
6558
6558
6560
6560
6561
6561
6562
6562
6564
6564
6567
6567
6567
6567
6571
6571
6571
6571
6571
6571
6576
6576
6576
6576
6577
6577
6578
6578
6579
6579
6579
6579
6579
6579
6580
6580
6582
6582
6583
6583
6584
6584
6585
6585
6586
6586
6588
6588
6588
6588
6588
6588
6591
6591
6592
6592
6593
6593
6597
6597
6600
6600
6600
6600
6600
6600
6600
6600
6601
6601
6602
6602
6604
6604
6606
6606
6609
6609
6612
6612
6613
6613
6613
6613
6614
6614
6614
6614
6616
6616
6616
6616
6620
6620
6621
6621
6625
6625
6626
6626
6629
6629
6630
6630
6631
6631
6631
6631
6632
6632
6632
6632
6633
6633
6635
6635
6637
6637
6640
6640
6644
6644
6645
6645
6646
6646
6646
6646
6651
6651
6652
6652
6653
6653
6654
6654
6656
6656
6657
6657
6662
6662
6664
6664
6665
6665
6670
6670
6674
6674
6675
6675
6675
6675
6676
6676
6677
6677
6679
6679
6680
6680
6680
6680
6684
6684
6686
6686
6687
6687
6690
6690
6691
6691
6694
6694
6695
6695
6697
6697
6698
6698
6700
6700
6702
6702
6703
6703
6705
6705
6711
6711
6713
6713
6716
6716
6717
6717
6718
6718
6719
6719
6719
6719
6722
6722
6723
6723
6725
6725
6726
6726
6727
6727
6728
6728
6728
6728
6728
6728
6729
6729
6730
6730
6731
6731
6732
6732
6734
6734
6735
6735
6737
6737
6737
6737
6737
6737
6738
6738
6739
6739
6744
6744
6746
6746
6747
6747
6749
6749
6749
6749
6750
6750
6751
6751
6753
6753
6754
6754
6756
6756
6758
6758
6761
6761
6762
6762
6768
6768
6768
6768
6771
6771
6778
6778
6782
6782
6783
6783
6786
6786
6788
6788
6790
6790
6790
6790
6793
6793
6796
6796
6798
6798
6798
6798
6802
6802
6803
6803
6803
6803
6805
6805
6807
6807
6808
6808
6815
6815
6816
6816
6824
6824
6824
6824
6825
6825
6826
6826
6827
6827
6831
6831
6837
6837
6837
6837
6843
6843
6847
6847
6848
6848
6849
6849
6850
6850
6851
6851
6851
6851
6852
6852
6859
6859
6859
6859
6859
6859
6864
6864
6871
6871
6871
6871
6875
6875
6875
6875
6876
6876
6881
6881
6883
6883
6883
6883
6885
6885
6885
6885
6887
6887
6889
6889
6891
6891
6892
6892
6893
6893
6894
6894
6895
6895
6897
6897
6897
6897
6901
6901
6903
6903
6907
6907
6909
6909
6912
6912
6914
6914
6914
6914
6916
6916
6919
6919
6920
6920
6921
6921
6924
6924
6924
6924
6925
6925
6925
6925
6927
6927
6931
6931
6932
6932
6934
6934
6935
6935
6936
6936
6938
6938
6939
6939
6942
6942
6946
6946
6950
6950
6953
6953
6955
6955
6959
6959
6962
6962
6963
6963
6964
6964
6968
6968
6968
6968
6968
6968
6969
6969
6975
6975
6976
6976
6979
6979
6986
6986
6986
6986
6988
6988
6991
6991
6999
6999
7002
7002
7004
7004
7005
7005
7006
7006
7006
7006
7012
7012
7012
7012
7022
7022
7023
7023
7024
7024
7025
7025
7026
7026
7028
7028
7035
7035
7035
7035
7036
7036
7038
7038
7040
7040
7040
7040
7041
7041
7043
7043
7048
7048
7050
7050
7051
7051
7052
7052
7055
7055
7056
7056
7060
7060
7061
7061
7063
7063
7064
7064
7064
7064
7065
7065
7067
7067
7067
7067
7067
7067
7071
7071
7072
7072
7073
7073
7074
7074
7077
7077
7078
7078
7079
7079
7081
7081
7082
7082
7082
7082
7086
7086
7087
7087
7096
7096
7097
7097
7098
7098
7104
7104
7107
7107
7110
7110
7115
7115
7115
7115
7116
7116
7116
7116
7118
7118
7118
7118
7119
7119
7119
7119
7122
7122
7124
7124
7125
7125
7126
7126
7128
7128
7130
7130
7133
7133
7135
7135
7138
7138
7142
7142
7144
7144
7144
7144
7146
7146
7148
7148
7148
7148
7149
7149
7151
7151
7152
7152
7155
7155
7156
7156
7157
7157
7163
7163
7165
7165
7165
7165
7168
7168
7174
7174
7177
7177
7177
7177
7178
7178
7182
7182
7186
7186
7188
7188
7191
7191
7192
7192
7196
7196
7196
7196
7197
7197
7197
7197
7197
7197
7199
7199
7199
7199
7200
7200
7201
7201
7205
7205
7206
7206
7208
7208
7214
7214
7214
7214
7215
7215
7215
7215
7217
7217
7218
7218
7220
7220
7226
7226
7230
7230
7233
7233
7233
7233
7233
7233
7236
7236
7237
7237
7240
7240
7240
7240
7244
7244
7250
7250
7250
7250
7251
7251
7254
7254
7257
7257
7259
7259
7263
7263
7266
7266
7269
7269
7269
7269
7270
7270
7271
7271
7273
7273
7274
7274
7276
7276
7278
7278
7280
7280
7281
7281
7283
7283
7286
7286
7288
7288
7289
7289
7290
7290
7290
7290
7296
7296
7296
7296
7298
7298
7301
7301
7303
7303
7303
7303
7306
7306
7307
7307
7312
7312
7313
7313
7315
7315
7316
7316
7323
7323
7327
7327
7327
7327
7328
7328
7329
7329
7329
7329
7334
7334
7337
7337
7337
7337
7340
7340
7343
7343
7344
7344
7345
7345
7345
7345
7346
7346
7351
7351
7352
7352
7355
7355
7362
7362
7362
7362
7363
7363
7365
7365
7368
7368
7373
7373
7373
7373
7379
7379
7381
7381
7381
7381
7384
7384
7385
7385
7388
7388
7390
7390
7391
7391
7394
7394
7398
7398
7400
7400
7401
7401
7401
7401
7402
7402
7405
7405
7405
7405
7414
7414
7415
7415
7417
7417
7422
7422
7426
7426
7429
7429
7429
7429
7430
7430
7430
7430
7431
7431
7433
7433
7439
7439
7441
7441
7443
7443
7448
7448
7448
7448
7451
7451
7453
7453
7453
7453
7454
7454
7457
7457
7461
7461
7461
7461
7464
7464
7465
7465
7465
7465
7468
7468
7471
7471
7472
7472
7474
7474
7481
7481
7482
7482
7483
7483
7486
7486
7486
7486
7491
7491
7492
7492
7494
7494
7501
7501
7505
7505
7506
7506
7507
7507
7509
7509
7511
7511
7511
7511
7512
7512
7514
7514
7515
7515
7516
7516
7518
7518
7523
7523
7529
7529
7530
7530
7530
7530
7531
7531
7535
7535
7538
7538
7539
7539
7542
7542
7544
7544
7544
7544
7549
7549
7550
7550
7550
7550
7551
7551
7551
7551
7554
7554
7555
7555
7558
7558
7560
7560
7563
7563
7568
7568
7573
7573
7574
7574
7574
7574
7575
7575
7578
7578
7579
7579
7580
7580
7581
7581
7581
7581
7582
7582
7582
7582
7583
7583
7585
7585
7585
7585
7586
7586
7589
7589
7590
7590
7590
7590
7596
7596
7598
7598
7598
7598
7599
7599
7600
7600
7601
7601
7609
7609
7615
7615
7618
7618
7621
7621
7622
7622
7623
7623
7626
7626
7632
7632
7632
7632
7633
7633
7633
7633
7636
7636
7637
7637
7638
7638
7638
7638
7639
7639
7642
7642
7645
7645
7645
7645
7646
7646
7646
7646
7651
7651
7651
7651
7651
7651
7652
7652
7659
7659
7663
7663
7664
7664
7664
7664
7665
7665
7667
7667
7669
7669
7672
7672
7674
7674
7675
7675
7679
7679
7679
7679
7681
7681
7687
7687
7688
7688
7690
7690
7692
7692
7693
7693
7694
7694
7695
7695
7698
7698
7702
7702
7704
7704
7706
7706
7708
7708
7709
7709
7710
7710
7710
7710
7715
7715
7715
7715
7718
7718
7719
7719
7720
7720
7720
7720
7723
7723
7723
7723
7724
7724
7726
7726
7728
7728
7728
7728
7729
7729
7732
7732
7737
7737
7737
7737
7740
7740
7743
7743
7743
7743
7743
7743
7745
7745
7746
7746
7750
7750
7753
7753
7755
7755
7755
7755
7759
7759
7760
7760
7761
7761
7761
7761
7762
7762
7763
7763
7763
7763
7763
7763
7764
7764
7766
7766
7767
7767
7768
7768
7774
7774
7775
7775
7777
7777
7779
7779
7779
7779
7779
7779
7779
7779
7780
7780
7781
7781
7781
7781
7781
7781
7786
7786
7787
7787
7789
7789
7795
7795
7801
7801
7805
7805
7807
7807
7814
7814
7815
7815
7824
7824
7825
7825
7826
7826
7827
7827
7832
7832
7838
7838
7839
7839
7842
7842
7845
7845
7846
7846
7847
7847
7847
7847
7848
7848
7849
7849
7851
7851
7852
7852
7854
7854
7855
7855
7856
7856
7861
7861
7861
7861
7862
7862
7865
7865
7874
7874
7877
7877
7878
7878
7883
7883
7884
7884
7885
7885
7887
7887
7890
7890
7890
7890
7893
7893
7894
7894
7894
7894
7895
7895
7896
7896
7898
7898
7900
7900
7901
7901
7902
7902
7910
7910
7910
7910
7912
7912
7914
7914
7916
7916
7919
7919
7928
7928
7928
7928
7928
7928
7930
7930
7930
7930
7931
7931
7934
7934
7934
7934
7937
7937
7943
7943
7944
7944
7944
7944
7944
7944
7945
7945
7945
7945
7946
7946
7946
7946
7948
7948
7949
7949
7950
7950
7957
7957
7957
7957
7960
7960
7961
7961
7965
7965
7967
7967
7968
7968
7968
7968
7971
7971
7978
7978
7979
7979
7979
7979
7980
7980
7980
7980
7983
7983
7987
7987
7988
7988
7996
7996
8001
8001
8001
8001
8003
8003
8014
8014
8022
8022
8024
8024
8025
8025
8026
8026
8028
8028
8029
8029
8029
8029
8029
8029
8030
8030
8030
8030
8033
8033
8034
8034
8035
8035
8036
8036
8045
8045
8045
8045
8049
8049
8052
8052
8052
8052
8053
8053
8054
8054
8056
8056
8057
8057
8059
8059
8060
8060
8060
8060
8062
8062
8062
8062
8065
8065
8067
8067
8069
8069
8069
8069
8070
8070
8078
8078
8078
8078
8080
8080
8082
8082
8082
8082
8084
8084
8089
8089
8090
8090
8091
8091
8092
8092
8092
8092
8094
8094
8095
8095
8100
8100
8103
8103
8104
8104
8114
8114
8116
8116
8116
8116
8117
8117
8119
8119
8120
8120
8125
8125
8130
8130
8133
8133
8134
8134
8135
8135
8137
8137
8144
8144
8146
8146
8149
8149
8150
8150
8150
8150
8151
8151
8155
8155
8156
8156
8158
8158
8158
8158
8161
8161
8161
8161
8163
8163
8164
8164
8166
8166
8169
8169
8170
8170
8170
8170
8171
8171
8173
8173
8173
8173
8174
8174
8179
8179
8181
8181
8181
8181
8181
8181
8181
8181
8182
8182
8183
8183
8183
8183
8187
8187
8188
8188
8188
8188
8189
8189
8191
8191
8193
8193
8194
8194
8196
8196
8199
8199
8200
8200
8201
8201
8201
8201
8202
8202
8202
8202
8203
8203
8205
8205
8205
8205
8205
8205
8207
8207
8211
8211
8214
8214
8219
8219
8220
8220
8222
8222
8223
8223
8235
8235
8236
8236
8240
8240
8245
8245
8246
8246
8247
8247
8250
8250
8251
8251
8252
8252
8253
8253
8254
8254
8255
8255
8258
8258
8260
8260
8266
8266
8269
8269
8270
8270
8272
8272
8275
8275
8280
8280
8280
8280
8281
8281
8283
8283
8283
8283
8284
8284
8285
8285
8292
8292
8292
8292
8293
8293
8294
8294
8306
8306
8307
8307
8308
8308
8310
8310
8312
8312
8313
8313
8313
8313
8314
8314
8315
8315
8315
8315
8315
8315
8316
8316
8316
8316
8322
8322
8323
8323
8323
8323
8324
8324
8326
8326
8326
8326
8327
8327
8330
8330
8330
8330
8332
8332
8333
8333
8339
8339
8340
8340
8341
8341
8341
8341
8341
8341
8341
8341
8342
8342
8346
8346
8347
8347
8348
8348
8352
8352
8352
8352
8354
8354
8355
8355
8357
8357
8357
8357
8357
8357
8359
8359
8359
8359
8367
8367
8367
8367
8370
8370
8375
8375
8376
8376
8381
8381
8382
8382
8383
8383
8384
8384
8385
8385
8386
8386
8387
8387
8392
8392
8392
8392
8392
8392
8396
8396
8396
8396
8396
8396
8402
8402
8404
8404
8405
8405
8407
8407
8411
8411
8412
8412
8421
8421
8426
8426
8427
8427
8427
8427
8427
8427
8429
8429
8430
8430
8438
8438
8440
8440
8445
8445
8446
8446
8448
8448
8449
8449
8453
8453
8453
8453
8455
8455
8457
8457
8458
8458
8461
8461
8461
8461
8461
8461
8464
8464
8464
8464
8465
8465
8469
8469
8469
8469
8470
8470
8477
8477
8478
8478
8483
8483
8484
8484
8484
8484
8486
8486
8489
8489
8491
8491
8500
8500
8501
8501
8501
8501
8501
8501
8502
8502
8503
8503
8510
8510
8510
8510
8512
8512
8515
8515
8517
8517
8518
8518
8519
8519
8520
8520
8525
8525
8528
8528
8528
8528
8533
8533
8536
8536
8541
8541
8541
8541
8541
8541
8541
8541
8543
8543
8552
8552
8561
8561
8567
8567
8568
8568
8571
8571
8571
8571
8573
8573
8573
8573
8574
8574
8576
8576
8577
8577
8579
8579
8582
8582
8585
8585
8590
8590
8591
8591
8591
8591
8591
8591
8592
8592
8595
8595
8604
8604
8604
8604
8611
8611
8612
8612
8615
8615
8615
8615
8616
8616
8620
8620
8620
8620
8621
8621
8622
8622
8624
8624
8624
8624
8624
8624
8628
8628
8631
8631
8632
8632
8635
8635
8641
8641
8645
8645
8646
8646
8647
8647
8647
8647
8649
8649
8650
8650
8656
8656
8665
8665
8667
8667
8667
8667
8668
8668
8674
8674
8676
8676
8677
8677
8684
8684
8692
8692
8693
8693
8693
8693
8696
8696
8699
8699
8702
8702
8707
8707
8709
8709
8710
8710
8711
8711
8713
8713
8714
8714
8715
8715
8716
8716
8716
8716
8716
8716
8717
8717
8717
8717
8718
8718
8718
8718
8720
8720
8721
8721
8726
8726
8727
8727
8727
8727
8728
8728
8729
8729
8730
8730
8731
8731
8732
8732
8734
8734
8736
8736
8737
8737
8737
8737
8740
8740
8741
8741
8746
8746
8748
8748
8750
8750
8757
8757
8758
8758
8759
8759
8764
8764
8768
8768
8768
8768
8770
8770
8773
8773
8775
8775
8777
8777
8777
8777
8779
8779
8782
8782
8782
8782
8787
8787
8792
8792
8793
8793
8793
8793
8794
8794
8794
8794
8796
8796
8802
8802
8803
8803
8804
8804
8804
8804
8809
8809
8814
8814
8814
8814
8814
8814
8815
8815
8815
8815
8815
8815
8816
8816
8819
8819
8821
8821
8822
8822
8825
8825
8828
8828
8829
8829
8830
8830
8833
8833
8834
8834
8837
8837
8840
8840
8840
8840
8842
8842
8848
8848
8850
8850
8852
8852
8854
8854
8856
8856
8860
8860
8860
8860
8863
8863
8866
8866
8869
8869
8872
8872
8872
8872
8876
8876
8878
8878
8879
8879
8882
8882
8883
8883
8886
8886
8888
8888
8891
8891
8894
8894
8894
8894
8896
8896
8896
8896
8897
8897
8902
8902
8902
8902
8904
8904
8905
8905
8908
8908
8908
8908
8912
8912
8913
8913
8916
8916
8921
8921
8923
8923
8924
8924
8925
8925
8927
8927
8928
8928
8930
8930
8930
8930
8932
8932
8933
8933
8935
8935
8935
8935
8939
8939
8940
8940
8945
8945
8945
8945
8950
8950
8952
8952
8960
8960
8968
8968
8968
8968
8968
8968
8971
8971
8973
8973
8973
8973
8976
8976
8977
8977
8979
8979
8983
8983
8984
8984
8987
8987
8988
8988
8997
8997
8997
8997
8999
8999
9000
9000
9000
9000
9000
9000
9001
9001
9009
9009
9010
9010
9012
9012
9019
9019
9020
9020
9020
9020
9021
9021
9021
9021
9021
9021
9022
9022
9030
9030
9031
9031
9033
9033
9034
9034
9034
9034
9037
9037
9038
9038
9045
9045
9047
9047
9047
9047
9047
9047
9050
9050
9051
9051
9052
9052
9053
9053
9054
9054
9055
9055
9056
9056
9058
9058
9059
9059
9061
9061
9068
9068
9072
9072
9073
9073
9076
9076
9077
9077
9082
9082
9085
9085
9086
9086
9088
9088
9088
9088
9089
9089
9092
9092
9098
9098
9098
9098
9100
9100
9101
9101
9102
9102
9103
9103
9103
9103
9105
9105
9106
9106
9108
9108
9108
9108
9112
9112
9116
9116
9117
9117
9121
9121
9128
9128
9130
9130
9136
9136
9138
9138
9138
9138
9146
9146
9146
9146
9151
9151
9152
9152
9152
9152
9153
9153
9156
9156
9158
9158
9158
9158
9158
9158
9160
9160
9160
9160
9161
9161
9161
9161
9162
9162
9164
9164
9171
9171
9174
9174
9176
9176
9178
9178
9178
9178
9179
9179
9180
9180
9184
9184
9186
9186
9187
9187
9191
9191
9192
9192
9193
9193
9193
9193
9194
9194
9194
9194
9195
9195
9196
9196
9196
9196
9196
9196
9202
9202
9204
9204
9206
9206
9206
9206
9208
9208
9210
9210
9211
9211
9211
9211
9212
9212
9214
9214
9217
9217
9221
9221
9223
9223
9223
9223
9225
9225
9225
9225
9227
9227
9229
9229
9230
9230
9230
9230
9235
9235
9237
9237
9238
9238
9240
9240
9242
9242
9243
9243
9245
9245
9256
9256
9257
9257
9259
9259
9259
9259
9265
9265
9267
9267
9268
9268
9269
9269
9269
9269
9273
9273
9284
9284
9286
9286
9286
9286
9286
9286
9287
9287
9292
9292
9292
9292
9293
9293
9295
9295
9295
9295
9297
9297
9298
9298
9298
9298
9302
9302
9303
9303
9303
9303
9304
9304
9305
9305
9307
9307
9310
9310
9314
9314
9315
9315
9316
9316
9319
9319
9320
9320
9323
9323
9325
9325
9326
9326
9326
9326
9328
9328
9329
9329
9331
9331
9331
9331
9336
9336
9340
9340
9340
9340
9344
9344
9346
9346
9348
9348
9349
9349
9351
9351
9354
9354
9356
9356
9357
9357
9360
9360
9363
9363
9364
9364
9366
9366
9368
9368
9368
9368
9369
9369
9370
9370
9371
9371
9378
9378
9380
9380
9384
9384
9388
9388
9391
9391
9392
9392
9392
9392
9394
9394
9394
9394
9399
9399
9400
9400
9400
9400
9403
9403
9404
9404
9404
9404
9408
9408
9411
9411
9414
9414
9420
9420
9422
9422
9423
9423
9428
9428
9432
9432
9432
9432
9433
9433
9434
9434
9436
9436
9436
9436
9436
9436
9438
9438
9442
9442
9443
9443
9444
9444
9447
9447
9450
9450
9454
9454
9456
9456
9457
9457
9460
9460
9462
9462
9464
9464
9465
9465
9465
9465
9468
9468
9470
9470
9472
9472
9475
9475
9482
9482
9483
9483
9485
9485
9486
9486
9489
9489
9491
9491
9495
9495
9495
9495
9496
9496
9497
9497
9498
9498
9501
9501
9502
9502
9502
9502
9505
9505
9507
9507
9508
9508
9510
9510
9513
9513
9514
9514
9514
9514
9516
9516
9516
9516
9517
9517
9517
9517
9518
9518
9518
9518
9520
9520
9521
9521
9521
9521
9525
9525
9526
9526
9529
9529
9533
9533
9537
9537
9538
9538
9540
9540
9549
9549
9551
9551
9559
9559
9561
9561
9564
9564
9565
9565
9565
9565
9567
9567
9570
9570
9570
9570
9573
9573
9576
9576
9577
9577
9579
9579
9581
9581
9582
9582
9583
9583
9600
9600
9601
9601
9601
9601
9602
9602
9602
9602
9602
9602
9603
9603
9609
9609
9609
9609
9610
9610
9610
9610
9613
9613
9617
9617
9617
9617
9619
9619
9624
9624
9628
9628
9631
9631
9631
9631
9632
9632
9633
9633
9633
9633
9635
9635
9641
9641
9642
9642
9643
9643
9647
9647
9648
9648
9649
9649
9654
9654
9657
9657
9660
9660
9661
9661
9662
9662
9663
9663
9663
9663
9664
9664
9665
9665
9667
9667
9668
9668
9674
9674
9674
9674
9675
9675
9675
9675
9675
9675
9676
9676
9676
9676
9677
9677
9682
9682
9684
9684
9686
9686
9691
9691
9695
9695
9697
9697
9699
9699
9702
9702
9702
9702
9704
9704
9707
9707
9708
9708
9710
9710
9712
9712
9713
9713
9713
9713
9714
9714
9715
9715
9719
9719
9725
9725
9728
9728
9728
9728
9729
9729
9729
9729
9732
9732
9734
9734
9734
9734
9735
9735
9739
9739
9745
9745
9745
9745
9745
9745
9747
9747
9747
9747
9749
9749
9750
9750
9753
9753
9753
9753
9757
9757
9759
9759
9762
9762
9763
9763
9766
9766
9770
9770
9774
9774
9775
9775
9778
9778
9779
9779
9780
9780
9782
9782
9783
9783
9786
9786
9789
9789
9789
9789
9789
9789
9790
9790
9792
9792
9795
9795
9796
9796
9799
9799
9799
9799
9800
9800
9801
9801
9807
9807
9811
9811
9816
9816
9822
9822
9824
9824
9829
9829
9830
9830
9832
9832
9832
9832
9833
9833
9834
9834
9837
9837
9840
9840
9842
9842
9850
9850
9851
9851
9863
9863
9865
9865
9865
9865
9866
9866
9869
9869
9872
9872
9876
9876
9878
9878
9878
9878
9879
9879
9881
9881
9881
9881
9884
9884
9887
9887
9888
9888
9888
9888
9888
9888
9889
9889
9899
9899
9899
9899
9900
9900
9902
9902
9905
9905
9905
9905
9907
9907
9910
9910
9911
9911
9912
9912
9913
9913
9913
9913
9914
9914
9916
9916
9916
9916
9918
9918
9921
9921
9923
9923
9937
9937
9939
9939
9939
9939
9940
9940
9944
9944
9945
9945
9945
9945
9949
9949
9954
9954
9955
9955
9955
9955
9957
9957
9958
9958
9958
9958
9959
9959
9959
9959
9960
9960
9968
9968
9968
9968
9978
9978
9978
9978
9980
9980
9981
9981
9983
9983
9985
9985
9986
9986
9988
9988
9993
9993
