1
3
3
5
7
7
11
13
14
14
14
16
16
18
20
22
23
23
26
26
27
27
27
28
29
33
33
34
34
35
36
37
37
38
38
38
39
40
41
41
42
44
45
46
48
48
48
49
49
51
52
55
55
56
56
58
58
58
58
59
60
62
64
64
66
70
70
72
72
75
75
77
78
78
79
81
81
82
83
83
83
84
84
84
84
85
85
86
87
87
88
88
90
90
91
92
92
93
93
95
96
101
101
102
102
103
104
105
105
105
107
111
112
114
115
117
117
119
119
119
120
121
122
122
124
124
125
125
126
126
126
127
128
129
129
130
130
130
132
134
135
137
137
140
141
142
143
144
145
147
148
148
149
149
150
150
151
152
153
153
154
154
154
156
156
156
157
157
160
162
166
166
168
168
168
169
169
170
171
171
172
172
173
174
175
176
177
177
178
178
179
180
181
182
185
185
186
187
187
189
189
189
189
190
191
192
193
193
194
194
194
195
195
197
201
201
202
202
202
203
205
206
207
211
213
214
216
217
218
220
222
224
225
225
226
226
227
228
229
229
230
230
230
231
231
232
235
235
239
240
240
241
242
243
243
243
244
246
247
249
250
250
250
251
253
254
254
254
255
256
256
258
260
262
263
264
265
265
266
266
267
268
269
270
271
271
272
272
272
273
277
278
278
279
279
280
280
281
281
281
283
286
288
289
292
295
296
297
300
300
301
302
303
303
304
305
306
307
310
310
311
312
313
314
315
316
317
317
318
318
319
319
323
324
324
324
325
327
327
328
328
328
328
328
333
334
337
338
339
339
340
345
346
346
346
346
347
349
350
350
351
352
352
354
356
357
358
361
361
364
364
365
365
366
370
371
371
372
375
375
375
379
379
381
382
385
386
389
393
399
399
401
401
406
406
407
408
408
409
409
409
409
411
412
413
413
414
418
420
421
421
423
424
424
424
425
431
432
433
435
436
436
438
438
440
441
441
446
446
447
448
449
450
450
451
451
452
453
454
454
454
457
457
459
460
460
460
460
461
461
463
463
463
466
468
468
470
470
470
470
471
471
471
472
474
475
475
477
477
480
481
482
483
484
484
486
487
487
487
488
488
490
492
493
495
495
496
497
497
498
500
500
504
509
509
509
510
511
514
514
514
516
516
516
518
520
520
520
520
520
521
522
524
526
527
527
528
529
529
530
533
534
534
535
535
535
536
536
537
538
538
539
539
540
540
540
542
543
543
544
546
547
549
549
549
549
549
550
551
551
551
551
554
556
557
559
559
559
561
562
562
563
565
565
566
567
567
568
568
568
570
571
573
573
575
578
578
578
580
582
582
585
586
586
586
588
589
592
592
593
593
594
595
595
597
597
599
599
602
603
603
603
604
607
607
607
607
608
610
612
612
613
616
616
619
621
622
622
624
624
626
627
628
628
628
629
631
632
633
635
635
636
637
638
639
640
640
641
643
645
647
647
649
651
651
656
656
658
659
660
661
663
663
665
666
666
669
669
670
670
670
671
671
672
673
673
673
675
675
675
676
676
678
681
685
685
685
686
687
687
688
688
689
690
690
694
694
694
694
696
701
701
701
702
703
703
704
705
706
708
709
710
710
711
712
712
713
713
714
714
715
716
716
717
717
719
719
720
720
720
720
722
722
722
722
723
724
725
727
728
729
731
731
733
738
738
738
741
742
742
744
745
746
748
749
750
750
750
751
751
752
752
752
754
754
755
756
756
757
757
761
762
762
763
763
764
765
765
766
766
767
769
769
770
770
772
774
774
774
775
776
778
779
779
780
780
781
783
784
784
785
786
786
787
788
788
789
790
792
792
794
795
796
797
799
800
800
801
801
802
804
805
806
809
809
810
810
812
813
814
816
817
817
817
819
819
820
820
820
820
821
821
821
822
823
827
827
828
837
837
837
837
837
838
839
840
841
842
842
842
842
842
843
844
845
847
849
851
851
852
854
857
863
864
864
865
865
867
868
868
868
869
870
870
870
870
871
871
872
872
873
873
875
878
878
879
879
880
880
881
881
882
883
884
885
886
887
887
889
889
889
889
890
892
893
893
894
896
897
897
898
898
902
903
904
904
907
907
908
910
910
911
914
914
915
915
915
916
918
919
920
921
921
922
922
922
924
925
925
926
926
928
929
929
930
932
934
934
935
938
938
938
939
943
944
947
947
947
949
949
949
949
951
953
954
955
956
956
956
956
957
958
959
959
960
962
963
965
965
965
965
965
966
967
969
972
976
976
977
977
979
979
980
981
983
984
984
987
987
988
988
988
989
989
991
991
991
992
993
993
993
994
994
994
995
996
996
998
999
999
1000
1000
1001
1001
1001
1003
1004
1004
1007
1007
1010
1012
1013
1013
1013
1014
1015
1016
1016
1018
1018
1019
1020
1020
1021
1024
1025
1025
1026
1026
1027
1029
1029
1029
1030
1031
1033
1034
1037
1038
1038
1039
1042
1042
1042
1043
1044
1044
1044
1045
1045
1046
1047
1048
1048
1049
1055
1056
1058
1059
1060
1061
1061
1062
1064
1064
1065
1065
1067
1067
1068
1069
1069
1071
1072
1072
1074
1075
1077
1077
1079
1081
1081
1081
1082
1084
1084
1084
1085
1086
1087
1087
1088
1088
1089
1091
1091
1092
1092
1093
1093
1093
1094
1094
1094
1094
1094
1096
1096
1096
1097
1098
1098
1098
1098
1099
1100
1101
1102
1103
1103
1104
1107
1107
1107
1107
1107
1108
1109
1109
1110
1110
1110
1111
1115
1115
1115
1116
1116
1118
1118
1119
1119
1120
1121
1121
1121
1125
1126
1127
1127
1127
1128
1129
1129
1130
1134
1135
1136
1136
1139
1139
1140
1140
1141
1143
1144
1144
1144
1145
1146
1146
1147
1148
1148
1152
1153
1153
1156
1156
1157
1158
1158
1161
1161
1162
1167
1171
1172
1172
1173
1173
1173
1174
1174
1174
1175
1176
1176
1178
1178
1182
1183
1183
1183
1184
1185
1186
1186
1187
1188
1189
1189
1189
1190
1190
1191
1191
1191
1193
1196
1197
1199
1199
1202
1203
1204
1204
1204
1204
1205
1205
1206
1206
1207
1208
1208
1209
1212
1213
1213
1214
1215
1215
1215
1216
1217
1218
1219
1220
1221
1222
1222
1222
1223
1225
1225
1225
1226
1226
1228
1228
1232
1232
1232
1232
1233
1233
1234
1236
1237
1237
1238
1238
1239
1241
1242
1242
1243
1243
1245
1245
1246
1250
1253
1255
1255
1256
1256
1256
1257
1259
1260
1261
1261
1262
1263
1263
1264
1265
1265
1266
1266
1267
1269
1269
1270
1271
1272
1274
1274
1275
1275
1277
1277
1278
1278
1279
1280
1280
1283
1284
1284
1285
1286
1286
1286
1286
1287
1288
1290
1290
1291
1292
1293
1293
1294
1295
1296
1297
1298
1299
1299
1303
1304
1305
1305
1306
1307
1307
1308
1309
1310
1311
1311
1311
1312
1313
1313
1315
1315
1315
1316
1316
1317
1317
1318
1318
1319
1321
1322
1322
1323
1324
1326
1326
1326
1327
1329
1330
1331
1331
1332
1333
1337
1340
1341
1343
1343
1343
1345
1346
1348
1349
1349
1350
1351
1351
1352
1352
1353
1354
1354
1356
1358
1359
1360
1361
1362
1363
1364
1365
1365
1366
1366
1367
1369
1369
1370
1373
1373
1373
1375
1376
1378
1378
1378
1379
1379
1379
1381
1381
1381
1381
1384
1385
1387
1387
1390
1393
1395
1398
1399
1399
1399
1400
1402
1402
1403
1406
1406
1406
1407
1408
1409
1409
1411
1415
1418
1418
1420
1423
1423
1424
1426
1426
1427
1427
1431
1433
1434
1435
1436
1438
1439
1439
1441
1441
1442
1443
1444
1445
1446
1446
1447
1448
1448
1449
1449
1449
1449
1450
1452
1454
1454
1454
1454
1457
1458
1458
1461
1461
1462
1463
1466
1466
1468
1469
1469
1469
1471
1471
1471
1471
1472
1472
1474
1476
1477
1477
1483
1487
1490
1490
1490
1490
1490
1491
1492
1494
1495
1496
1496
1496
1496
1500
1500
1501
1501
1502
1502
1503
1506
1507
1510
1510
1511
1513
1514
1514
1515
1515
1515
1517
1518
1519
1520
1522
1523
1524
1525
1526
1529
1530
1530
1532
1532
1533
1534
1536
1537
1537
1537
1541
1542
1543
1544
1545
1545
1546
1546
1548
1549
1550
1552
1554
1554
1555
1556
1558
1558
1559
1561
1563
1563
1564
1565
1566
1567
1569
1569
1569
1569
1571
1571
1572
1573
1574
1576
1577
1578
1578
1578
1579
1579
1579
1581
1581
1582
1582
1583
1583
1585
1587
1588
1588
1589
1590
1592
1593
1594
1594
1594
1595
1595
1595
1596
1597
1597
1598
1599
1599
1602
1603
1604
1604
1605
1605
1606
1607
1607
1608
1610
1612
1613
1614
1614
1615
1615
1616
1616
1617
1617
1618
1618
1619
1620
1620
1620
1623
1624
1626
1626
1627
1628
1629
1630
1631
1632
1635
1635
1635
1636
1637
1638
1639
1641
1641
1642
1642
1644
1645
1647
1648
1648
1648
1649
1652
1653
1656
1659
1659
1662
1662
1663
1663
1664
1664
1665
1667
1668
1671
1671
1673
1673
1673
1674
1674
1677
1679
1679
1679
1679
1682
1682
1683
1684
1687
1690
1690
1692
1692
1693
1695
1696
1698
1698
1698
1700
1700
1702
1703
1703
1705
1705
1708
1708
1709
1709
1713
1714
1714
1714
1716
1716
1716
1719
1721
1721
1723
1729
1729
1731
1732
1732
1733
1734
1735
1738
1738
1738
1739
1740
1741
1741
1742
1743
1743
1744
1745
1746
1746
1747
1747
1747
1748
1750
1751
1752
1755
1755
1757
1758
1758
1760
1766
1767
1768
1769
1770
1771
1771
1772
1776
1776
1779
1779
1780
1780
1780
1781
1783
1784
1785
1788
1789
1789
1789
1790
1790
1791
1794
1795
1798
1799
1799
1801
1801
1802
1802
1803
1803
1805
1805
1808
1808
1809
1810
1814
1816
1817
1817
1817
1819
1820
1820
1820
1820
1822
1822
1823
1823
1825
1828
1828
1828
1828
1829
1829
1831
1831
1832
1833
1839
1840
1842
1843
1844
1845
1848
1848
1849
1850
1850
1850
1851
1852
1853
1855
1855
1855
1855
1856
1857
1857
1859
1859
1860
1860
1860
1860
1861
1864
1864
1866
1868
1869
1869
1871
1871
1872
1874
1874
1876
1876
1876
1877
1877
1878
1878
1880
1880
1881
1883
1883
1886
1888
1893
1894
1896
1896
1899
1900
1902
1902
1903
1904
1904
1904
1905
1906
1908
1908
1908
1909
1911
1913
1913
1918
1918
1919
1919
1920
1920
1923
1924
1924
1924
1927
1927
1927
1927
1929
1930
1930
1931
1931
1931
1931
1932
1932
1932
1935
1936
1936
1936
1937
1937
1938
1938
1941
1942
1943
1944
1944
1946
1946
1947
1947
1948
1948
1948
1948
1948
1949
1949
1949
1950
1951
1952
1953
1953
1954
1955
1957
1957
1959
1959
1960
1960
1963
1964
1964
1964
1965
1965
1967
1968
1968
1969
1970
1972
1975
1975
1976
1976
1977
1977
1978
1978
1979
1980
1983
1983
1984
1985
1986
1986
1986
1986
1987
1987
1988
1988
1989
1990
1993
1996
2002
2002
2004
2006
2008
2010
2011
2011
2012
2012
2015
2015
2016
2018
2019
2020
2021
2022
2023
2024
2024
2025
2027
2028
2030
2036
2036
2037
2038
2038
2040
2040
2041
2044
2045
2046
2047
2048
2049
2049
2049
2050
2051
2051
2053
2054
2055
2056
2056
2058
2058
2063
2064
2064
2064
2067
2067
2067
2068
2069
2069
2070
2070
2070
2075
2075
2076
2076
2078
2079
2080
2080
2081
2081
2083
2084
2085
2085
2087
2087
2088
2088
2088
2090
2091
2092
2092
2092
2094
2094
2094
2095
2097
2099
2101
2101
2102
2105
2106
2107
2110
2111
2112
2115
2116
2117
2118
2119
2123
2123
2123
2124
2127
2128
2130
2130
2130
2130
2132
2132
2132
2134
2134
2134
2135
2135
2137
2137
2137
2138
2138
2140
2141
2142
2145
2147
2147
2147
2148
2149
2151
2151
2152
2152
2153
2156
2156
2157
2159
2159
2161
2162
2162
2163
2163
2163
2164
2165
2165
2166
2167
2168
2169
2169
2170
2172
2174
2175
2176
2176
2177
2178
2179
2180
2180
2181
2181
2183
2185
2186
2187
2187
2191
2192
2192
2193
2194
2194
2194
2195
2195
2196
2197
2198
2198
2199
2199
2200
2200
2201
2203
2205
2205
2206
2207
2208
2210
2210
2212
2212
2214
2216
2216
2219
2220
2221
2222
2224
2226
2227
2231
2231
2231
2232
2234
2235
2237
2238
2238
2239
2240
2242
2242
2242
2244
2249
2249
2250
2250
2250
2250
2251
2254
2254
2255
2255
2255
2256
2258
2258
2258
2259
2259
2260
2261
2261
2263
2264
2264
2266
2266
2267
2268
2268
2269
2270
2270
2275
2275
2276
2276
2277
2278
2279
2280
2280
2281
2281
2282
2284
2285
2289
2289
2289
2291
2291
2291
2293
2294
2294
2295
2295
2295
2298
2302
2304
2307
2307
2307
2308
2309
2310
2312
2312
2313
2314
2316
2316
2317
2317
2318
2320
2320
2320
2321
2321
2322
2322
2325
2325
2327
2328
2329
2329
2330
2331
2331
2332
2332
2336
2336
2338
2338
2338
2338
2339
2340
2341
2341
2342
2342
2343
2343
2345
2346
2348
2349
2350
2353
2355
2357
2359
2362
2362
2363
2365
2366
2366
2366
2367
2367
2368
2369
2369
2370
2371
2372
2372
2373
2374
2374
2375
2378
2379
2380
2380
2381
2381
2381
2382
2382
2384
2387
2388
2389
2389
2389
2390
2390
2394
2396
2396
2398
2398
2399
2399
2400
2401
2403
2403
2405
2409
2409
2410
2411
2411
2412
2412
2412
2412
2413
2415
2416
2417
2417
2420
2422
2422
2425
2426
2426
2427
2427
2427
2428
2428
2429
2430
2430
2431
2432
2434
2435
2438
2440
2440
2440
2442
2447
2447
2449
2449
2449
2451
2453
2453
2453
2454
2456
2459
2460
2461
2462
2462
2463
2463
2465
2465
2466
2470
2471
2471
2471
2475
2475
2476
2478
2479
2479
2479
2480
2480
2481
2482
2483
2483
2483
2483
2483
2484
2484
2485
2486
2489
2489
2490
2491
2492
2493
2494
2494
2494
2496
2497
2498
2500
2500
2501
2502
2503
2503
2504
2504
2506
2507
2508
2510
2511
2511
2511
2512
2512
2513
2513
2515
2515
2516
2518
2518
2519
2521
2521
2521
2521
2522
2522
2523
2530
2530
2531
2531
2531
2532
2536
2537
2542
2543
2543
2545
2545
2545
2545
2546
2546
2547
2552
2552
2552
2553
2553
2554
2556
2556
2557
2558
2559
2559
2559
2560
2561
2563
2566
2567
2567
2567
2567
2568
2568
2569
2569
2569
2569
2570
2570
2574
2574
2575
2575
2576
2577
2579
2580
2580
2580
2581
2584
2585
2587
2587
2587
2588
2589
2592
2592
2594
2596
2596
2597
2597
2598
2598
2599
2599
2599
2599
2600
2604
2609
2610
2612
2612
2614
2614
2614
2615
2615
2617
2618
2618
2620
2620
2620
2621
2621
2622
2622
2623
2623
2623
2624
2624
2628
2629
2629
2630
2630
2630
2631
2632
2632
2632
2632
2633
2638
2638
2638
2638
2638
2639
2639
2639
2642
2642
2642
2643
2644
2646
2647
2650
2650
2651
2653
2654
2655
2657
2657
2659
2660
2660
2660
2661
2661
2662
2663
2663
2664
2664
2664
2665
2666
2667
2667
2668
2669
2669
2671
2671
2672
2673
2674
2675
2678
2679
2679
2679
2680
2680
2681
2682
2684
2685
2685
2685
2686
2686
2687
2687
2691
2695
2695
2696
2697
2697
2701
2701
2703
2704
2706
2706
2708
2708
2708
2709
2710
2710
2711
2712
2713
2715
2716
2718
2721
2722
2722
2723
2724
2725
2725
2726
2727
2728
2732
2732
2734
2738
2739
2740
2741
2746
2748
2751
2754
2755
2757
2757
2761
2761
2762
2762
2762
2763
2764
2765
2766
2766
2767
2767
2768
2769
2769
2769
2770
2770
2770
2771
2772
2772
2772
2773
2775
2776
2778
2779
2781
2781
2781
2781
2782
2783
2784
2785
2785
2785
2786
2787
2787
2790
2790
2790
2791
2792
2794
2795
2795
2795
2796
2797
2799
2800
2801
2801
2802
2803
2804
2804
2807
2808
2809
2810
2812
2812
2812
2812
2812
2812
2813
2813
2816
2817
2817
2818
2819
2820
2820
2822
2824
2824
2825
2827
2827
2828
2829
2829
2830
2830
2830
2832
2832
2832
2833
2835
2835
2837
2837
2837
2839
2840
2841
2842
2843
2844
2847
2849
2851
2852
2852
2852
2853
2854
2855
2855
2857
2858
2860
2862
2862
2862
2863
2864
2865
2867
2867
2869
2870
2874
2874
2874
2875
2875
2875
2876
2879
2879
2881
2882
2884
2886
2887
2887
2888
2889
2889
2892
2893
2893
2894
2895
2895
2896
2896
2898
2899
2899
2899
2903
2904
2905
2906
2906
2906
2907
2907
2908
2908
2909
2910
2911
2911
2911
2912
2913
2915
2915
2916
2917
2920
2920
2922
2923
2925
2926
2932
2935
2935
2935
2936
2936
2939
2940
2940
2940
2942
2942
2944
2944
2944
2944
2945
2945
2945
2946
2949
2949
2950
2950
2951
2951
2952
2955
2955
2956
2957
2957
2957
2959
2963
2963
2963
2964
2966
2968
2969
2969
2969
2970
2971
2973
2973
2978
2978
2978
2981
2984
2987
2987
2987
2988
2988
2989
2990
2991
2993
2994
2995
2995
2995
2995
2996
2998
3000
3000
3001
3001
3001
3002
3004
3004
3005
3005
3006
3007
3008
3008
3010
3011
3012
3012
3012
3012
3013
3014
3014
3014
3015
3015
3015
3016
3016
3019
3020
3021
3023
3023
3023
3024
3027
3033
3033
3033
3035
3037
3039
3039
3039
3039
3041
3042
3044
3045
3047
3049
3050
3051
3052
3053
3053
3056
3057
3057
3058
3059
3060
3060
3061
3062
3064
3065
3067
3067
3068
3068
3068
3071
3071
3072
3076
3078
3081
3082
3084
3084
3084
3085
3090
3090
3092
3093
3094
3094
3094
3095
3096
3096
3096
3097
3098
3099
3100
3102
3102
3102
3103
3108
3109
3109
3109
3110
3112
3114
3114
3115
3116
3117
3118
3118
3119
3120
3121
3121
3123
3124
3125
3125
3126
3126
3127
3128
3128
3130
3130
3131
3132
3132
3133
3134
3134
3138
3139
3139
3140
3141
3145
3146
3148
3149
3149
3149
3151
3151
3152
3153
3156
3156
3158
3159
3161
3162
3162
3163
3165
3167
3168
3168
3169
3169
3170
3171
3172
3173
3175
3176
3177
3177
3177
3180
3181
3181
3181
3184
3185
3185
3185
3187
3187
3189
3190
3192
3192
3195
3197
3198
3198
3198
3199
3200
3200
3200
3201
3201
3202
3202
3203
3205
3205
3206
3206
3207
3210
3210
3212
3212
3213
3215
3216
3217
3218
3220
3220
3220
3223
3224
3226
3227
3228
3231
3232
3232
3234
3234
3238
3238
3239
3241
3243
3244
3245
3247
3248
3248
3249
3249
3250
3250
3250
3252
3252
3253
3256
3258
3259
3260
3260
3261
3261
3262
3263
3263
3265
3267
3268
3269
3270
3274
3275
3276
3276
3279
3281
3282
3283
3284
3284
3284
3286
3287
3287
3287
3288
3289
3290
3290
3292
3293
3294
3296
3298
3300
3301
3304
3304
3306
3309
3309
3310
3311
3311
3313
3313
3314
3319
3320
3321
3321
3321
3323
3324
3324
3325
3326
3327
3329
3330
3330
3332
3332
3333
3335
3336
3337
3338
3340
3341
3341
3342
3342
3347
3350
3350
3351
3351
3352
3355
3355
3356
3357
3359
3359
3360
3361
3361
3362
3362
3364
3365
3365
3367
3368
3369
3370
3372
3374
3375
3378
3378
3380
3383
3383
3385
3385
3387
3388
3391
3392
3393
3394
3395
3397
3399
3400
3400
3400
3401
3402
3403
3404
3405
3406
3407
3408
3413
3414
3414
3414
3415
3415
3415
3417
3418
3418
3420
3423
3424
3424
3425
3425
3426
3427
3428
3429
3429
3429
3431
3433
3434
3436
3437
3439
3439
3440
3442
3443
3443
3446
3448
3450
3450
3451
3452
3452
3453
3454
3455
3455
3455
3456
3457
3458
3459
3460
3460
3461
3462
3462
3464
3464
3466
3466
3467
3467
3467
3467
3468
3469
3469
3469
3471
3471
3473
3474
3474
3475
3475
3476
3478
3478
3480
3480
3480
3481
3482
3482
3483
3486
3486
3487
3487
3489
3489
3490
3492
3492
3494
3495
3497
3498
3498
3498
3499
3500
3500
3501
3502
3502
3503
3504
3506
3509
3510
3512
3513
3514
3514
3515
3515
3516
3517
3519
3519
3519
3519
3520
3522
3522
3524
3524
3525
3525
3528
3529
3532
3534
3535
3536
3536
3537
3537
3538
3540
3541
3543
3544
3544
3545
3546
3547
3548
3548
3548
3552
3552
3555
3557
3558
3560
3560
3561
3562
3562
3563
3564
3564
3566
3566
3568
3569
3570
3571
3574
3577
3577
3577
3578
3579
3582
3582
3582
3584
3586
3588
3589
3591
3591
3593
3594
3594
3595
3595
3596
3596
3597
3597
3597
3598
3600
3601
3604
3604
3605
3605
3606
3606
3607
3608
3608
3608
3609
3611
3611
3611
3611
3612
3612
3612
3616
3616
3617
3618
3619
3620
3620
3621
3621
3622
3623
3623
3623
3624
3625
3625
3625
3628
3628
3629
3630
3631
3632
3632
3632
3634
3635
3638
3639
3639
3642
3643
3643
3643
3643
3644
3648
3648
3649
3652
3654
3654
3654
3655
3656
3656
3658
3661
3663
3664
3664
3665
3667
3667
3667
3668
3669
3672
3672
3673
3674
3674
3674
3674
3674
3677
3678
3679
3680
3680
3682
3682
3682
3684
3689
3690
3691
3691
3695
3698
3698
3698
3699
3699
3700
3700
3700
3700
3702
3704
3705
3705
3706
3706
3709
3709
3710
3710
3711
3712
3712
3713
3714
3716
3716
3717
3719
3719
3721
3724
3724
3725
3725
3725
3726
3726
3726
3728
3728
3729
3729
3732
3734
3735
3738
3738
3738
3739
3740
3740
3741
3741
3748
3750
3753
3758
3759
3760
3760
3761
3763
3764
3770
3770
3772
3772
3772
3773
3773
3773
3775
3776
3778
3780
3782
3782
3782
3782
3784
3785
3786
3786
3787
3789
3790
3792
3793
3795
3795
3796
3796
3797
3797
3799
3801
3801
3804
3805
3805
3805
3805
3806
3807
3808
3809
3810
3810
3811
3811
3812
3812
3813
3813
3814
3815
3816
3818
3819
3821
3822
3825
3827
3827
3829
3830
3833
3837
3837
3840
3842
3845
3845
3846
3847
3847
3850
3852
3853
3854
3855
3855
3856
3856
3861
3863
3863
3863
3863
3863
3868
3869
3870
3871
3872
3873
3875
3876
3876
3877
3877
3877
3878
3878
3880
3881
3882
3882
3884
3886
3888
3889
3889
3890
3891
3891
3892
3893
3893
3894
3897
3899
3900
3900
3901
3902
3903
3904
3904
3904
3906
3908
3908
3909
3910
3910
3913
3914
3915
3916
3916
3917
3917
3918
3918
3918
3919
3919
3919
3921
3921
3922
3924
3924
3928
3930
3931
3932
3933
3935
3935
3936
3936
3936
3937
3937
3939
3940
3940
3941
3942
3942
3943
3946
3947
3947
3949
3950
3950
3951
3954
3957
3958
3958
3958
3959
3959
3960
3960
3961
3962
3962
3963
3965
3965
3968
3969
3969
3972
3973
3973
3974
3974
3978
3978
3978
3978
3980
3980
3981
3983
3985
3985
3987
3991
3992
3992
3992
3993
3994
3994
3994
3995
3996
3996
3998
3998
3998
3998
3999
4001
4001
4005
4008
4009
4010
4011
4013
4013
4013
4013
4015
4015
4016
4017
4018
4020
4022
4023
4023
4024
4025
4029
4029
4030
4030
4031
4031
4032
4033
4035
4036
4036
4037
4039
4039
4040
4040
4041
4042
4042
4043
4043
4043
4044
4045
4045
4046
4047
4048
4050
4052
4053
4054
4056
4056
4056
4057
4057
4058
4060
4061
4065
4065
4065
4068
4070
4070
4073
4074
4075
4076
4077
4077
4077
4077
4079
4079
4080
4081
4083
4083
4084
4084
4084
4084
4085
4086
4087
4088
4088
4089
4089
4090
4092
4093
4094
4094
4094
4096
4097
4098
4098
4099
4099
4103
4104
4104
4105
4106
4107
4108
4109
4109
4109
4110
4111
4111
4117
4118
4119
4119
4120
4121
4122
4125
4129
4129
4130
4131
4131
4131
4132
4133
4133
4133
4137
4139
4139
4141
4141
4143
4144
4146
4148
4151
4151
4152
4152
4153
4154
4155
4155
4155
4159
4160
4160
4160
4163
4166
4167
4168
4168
4168
4168
4168
4171
4173
4173
4175
4176
4177
4179
4180
4183
4183
4184
4184
4185
4185
4186
4186
4186
4186
4190
4190
4191
4192
4193
4193
4193
4194
4195
4196
4196
4196
4198
4199
4199
4200
4201
4201
4202
4202
4203
4203
4207
4208
4209
4210
4211
4211
4211
4213
4214
4215
4215
4216
4216
4217
4218
4219
4220
4221
4222
4223
4223
4225
4226
4226
4227
4227
4227
4228
4230
4230
4231
4232
4233
4236
4240
4242
4243
4243
4244
4249
4250
4252
4252
4253
4254
4256
4259
4259
4260
4261
4261
4262
4262
4263
4264
4268
4270
4270
4271
4272
4272
4273
4275
4275
4276
4277
4277
4278
4278
4281
4282
4283
4284
4284
4285
4287
4289
4289
4289
4290
4290
4291
4292
4292
4292
4293
4294
4294
4295
4298
4298
4299
4299
4300
4301
4302
4302
4302
4303
4304
4304
4306
4308
4310
4311
4314
4314
4315
4316
4316
4317
4317
4318
4318
4318
4318
4319
4320
4321
4322
4322
4323
4324
4325
4326
4328
4328
4329
4330
4330
4331
4332
4333
4335
4335
4335
4336
4338
4339
4339
4339
4339
4342
4342
4344
4345
4345
4347
4350
4350
4351
4353
4355
4358
4360
4363
4364
4365
4367
4368
4371
4373
4374
4374
4375
4377
4379
4379
4381
4381
4382
4384
4384
4384
4390
4390
4392
4393
4393
4393
4394
4394
4394
4395
4396
4398
4399
4401
4405
4405
4407
4408
4409
4409
4410
4410
4411
4411
4412
4412
4414
4415
4416
4417
4418
4418
4419
4419
4419
4420
4421
4421
4422
4425
4425
4426
4426
4428
4431
4433
4433
4434
4434
4434
4435
4438
4438
4439
4440
4440
4440
4442
4443
4444
4446
4449
4449
4451
4452
4453
4453
4455
4455
4456
4456
4457
4458
4459
4459
4459
4460
4462
4463
4463
4464
4464
4467
4467
4468
4469
4471
4472
4473
4474
4476
4476
4476
4476
4477
4478
4479
4480
4480
4480
4482
4482
4482
4483
4483
4484
4485
4486
4487
4487
4488
4490
4490
4490
4492
4495
4497
4497
4498
4498
4500
4500
4502
4503
4503
4504
4505
4505
4506
4508
4508
4509
4512
4513
4515
4516
4516
4516
4516
4517
4518
4519
4521
4521
4522
4524
4525
4526
4526
4526
4527
4527
4529
4530
4532
4533
4538
4538
4539
4540
4540
4540
4540
4542
4542
4543
4543
4543
4546
4548
4548
4549
4549
4551
4551
4552
4552
4552
4553
4555
4557
4557
4558
4558
4558
4558
4560
4561
4561
4562
4562
4563
4564
4565
4566
4567
4568
4569
4571
4571
4575
4575
4579
4581
4583
4583
4584
4586
4587
4591
4593
4594
4595
4596
4597
4598
4598
4599
4604
4604
4608
4609
4610
4610
4612
4615
4616
4616
4617
4617
4618
4620
4622
4623
4623
4624
4625
4626
4627
4627
4627
4627
4628
4630
4633
4633
4636
4636
4637
4638
4640
4642
4646
4648
4649
4649
4652
4653
4653
4654
4655
4655
4656
4656
4657
4658
4659
4659
4660
4661
4661
4662
4663
4664
4665
4666
4667
4668
4669
4669
4671
4671
4675
4676
4679
4680
4680
4681
4681
4682
4683
4684
4685
4685
4689
4690
4691
4692
4692
4693
4694
4695
4695
4697
4698
4699
4700
4701
4703
4703
4705
4705
4707
4708
4708
4710
4711
4712
4713
4713
4713
4714
4714
4715
4715
4716
4720
4722
4727
4728
4729
4729
4730
4732
4733
4734
4737
4738
4738
4739
4739
4739
4739
4743
4744
4745
4745
4747
4748
4748
4748
4748
4750
4750
4750
4751
4754
4754
4756
4756
4756
4758
4762
4763
4765
4765
4767
4767
4769
4770
4771
4773
4773
4774
4775
4777
4777
4777
4779
4781
4781
4782
4782
4782
4784
4785
4786
4786
4786
4787
4789
4790
4790
4791
4791
4792
4793
4795
4796
4796
4798
4798
4799
4801
4803
4804
4804
4806
4807
4808
4808
4809
4809
4809
4809
4810
4810
4810
4812
4814
4814
4815
4817
4817
4817
4819
4820
4820
4820
4821
4821
4821
4822
4822
4822
4825
4825
4827
4830
4830
4833
4834
4834
4837
4837
4838
4839
4839
4840
4843
4844
4845
4847
4848
4848
4850
4851
4853
4855
4855
4855
4856
4856
4857
4859
4859
4860
4861
4861
4862
4862
4863
4863
4864
4864
4865
4866
4866
4870
4870
4870
4871
4872
4875
4876
4877
4878
4881
4881
4882
4882
4883
4884
4885
4886
4889
4890
4891
4893
4896
4897
4897
4898
4898
4899
4901
4902
4903
4904
4905
4905
4907
4907
4907
4907
4908
4908
4909
4909
4909
4910
4911
4913
4914
4914
4915
4916
4917
4917
4918
4919
4920
4922
4923
4923
4924
4927
4928
4929
4929
4929
4929
4929
4930
4931
4931
4931
4931
4936
4937
4937
4937
4938
4940
4940
4940
4942
4943
4944
4946
4947
4947
4947
4948
4949
4950
4950
4950
4950
4950
4951
4952
4953
4955
4956
4957
4958
4958
4958
4960
4961
4961
4963
4965
4966
4969
4971
4971
4972
4973
4974
4974
4975
4976
4977
4980
4980
4983
4983
4984
4985
4986
4987
4989
4990
4990
4990
4993
4993
4994
4994
4997
4998
4999
4999
5001
5004
5004
5005
5007
5009
5010
5011
5011
5011
5012
5012
5013
5014
5015
5016
5016
5016
5017
5018
5019
5020
5023
5024
5026
5028
5029
5030
5034
5035
5035
5039
5040
5040
5040
5041
5042
5044
5045
5046
5047
5051
5052
5053
5056
5058
5059
5060
5061
5061
5061
5063
5064
5064
5065
5067
5068
5069
5070
5070
5070
5072
5072
5072
5078
5078
5079
5079
5081
5083
5086
5086
5086
5087
5087
5087
5090
5091
5092
5092
5092
5093
5097
5099
5101
5101
5101
5103
5104
5106
5108
5109
5109
5109
5109
5110
5111
5112
5112
5116
5116
5118
5118
5120
5120
5122
5122
5122
5123
5123
5124
5124
5124
5125
5125
5125
5125
5126
5127
5128
5128
5128
5129
5129
5129
5133
5134
5136
5137
5138
5139
5142
5144
5149
5149
5151
5155
5155
5156
5158
5158
5159
5160
5160
5164
5164
5164
5165
5165
5167
5169
5170
5170
5171
5172
5173
5175
5177
5180
5180
5180
5180
5182
5183
5183
5184
5184
5184
5187
5187
5189
5189
5190
5192
5194
5195
5196
5197
5197
5197
5201
5202
5202
5203
5204
5206
5208
5210
5212
5215
5219
5219
5220
5224
5225
5226
5229
5229
5229
5233
5236
5238
5238
5238
5241
5243
5244
5247
5247
5247
5253
5253
5253
5254
5255
5255
5256
5258
5258
5259
5261
5261
5261
5261
5261
5262
5263
5263
5266
5267
5267
5268
5270
5271
5272
5272
5275
5277
5277
5279
5279
5279
5280
5281
5282
5283
5284
5285
5286
5287
5287
5288
5289
5291
5292
5293
5293
5293
5294
5294
5296
5296
5297
5297
5297
5300
5300
5301
5303
5304
5304
5306
5307
5308
5309
5310
5310
5310
5311
5312
5312
5313
5314
5315
5316
5316
5317
5318
5319
5319
5319
5319
5322
5323
5325
5325
5326
5326
5328
5329
5330
5331
5331
5333
5333
5336
5337
5337
5337
5337
5337
5338
5339
5340
5341
5341
5342
5342
5346
5347
5349
5349
5352
5352
5357
5359
5359
5360
5361
5362
5362
5362
5364
5366
5367
5369
5374
5375
5379
5380
5380
5380
5381
5385
5385
5386
5386
5387
5387
5387
5388
5389
5390
5395
5396
5397
5398
5398
5398
5400
5400
5400
5401
5403
5403
5404
5404
5405
5406
5407
5407
5408
5412
5413
5414
5416
5416
5416
5418
5419
5421
5423
5423
5424
5425
5426
5428
5430
5430
5433
5434
5434
5435
5435
5436
5437
5439
5440
5445
5446
5447
5447
5449
5449
5451
5454
5455
5457
5457
5458
5460
5460
5461
5462
5463
5463
5464
5464
5467
5469
5470
5471
5471
5472
5472
5472
5475
5476
5478
5479
5480
5481
5482
5483
5484
5485
5485
5485
5486
5487
5487
5487
5489
5490
5490
5490
5491
5493
5493
5493
5496
5497
5499
5499
5501
5502
5505
5505
5507
5507
5507
5510
5510
5511
5513
5513
5514
5514
5515
5517
5517
5519
5520
5520
5521
5521
5524
5527
5528
5529
5529
5530
5531
5533
5534
5534
5535
5536
5536
5537
5537
5538
5538
5539
5539
5540
5541
5542
5543
5543
5545
5547
5551
5551
5551
5552
5553
5554
5554
5555
5556
5558
5558
5561
5561
5562
5562
5562
5563
5564
5564
5565
5566
5567
5567
5571
5572
5572
5573
5576
5578
5580
5581
5582
5585
5586
5587
5588
5588
5589
5591
5591
5592
5593
5594
5596
5596
5597
5598
5598
5601
5604
5609
5609
5609
5609
5610
5610
5611
5612
5612
5613
5615
5617
5617
5617
5618
5620
5620
5621
5621
5622
5622
5623
5624
5624
5629
5630
5631
5632
5632
5632
5633
5635
5637
5638
5638
5642
5643
5644
5644
5645
5648
5648
5649
5651
5651
5652
5655
5656
5660
5663
5663
5664
5665
5665
5666
5667
5667
5667
5669
5669
5669
5669
5670
5671
5674
5675
5675
5678
5680
5681
5681
5681
5683
5685
5686
5686
5686
5689
5690
5690
5691
5691
5692
5693
5694
5694
5696
5696
5698
5700
5703
5703
5703
5704
5706
5707
5710
5710
5710
5715
5715
5716
5716
5717
5719
5720
5721
5721
5721
5721
5722
5722
5723
5724
5725
5725
5725
5725
5726
5727
5728
5730
5731
5731
5733
5733
5734
5735
5736
5737
5740
5741
5745
5745
5746
5749
5749
5752
5753
5753
5754
5755
5755
5756
5757
5757
5759
5760
5761
5761
5761
5764
5765
5766
5771
5771
5771
5772
5773
5775
5775
5775
5775
5776
5777
5779
5780
5780
5780
5780
5782
5782
5785
5785
5786
5790
5791
5791
5792
5794
5796
5798
5800
5801
5803
5804
5805
5805
5806
5806
5807
5808
5808
5809
5809
5809
5810
5810
5810
5811
5816
5816
5816
5818
5818
5820
5822
5822
5823
5824
5824
5824
5825
5825
5825
5826
5826
5828
5829
5830
5830
5832
5835
5836
5836
5837
5839
5840
5840
5840
5842
5843
5844
5844
5848
5853
5853
5853
5853
5853
5855
5857
5858
5858
5859
5859
5864
5864
5865
5866
5867
5868
5869
5869
5870
5870
5870
5873
5873
5875
5877
5877
5882
5883
5883
5883
5884
5884
5884
5886
5887
5893
5893
5893
5893
5894
5894
5895
5895
5895
5896
5896
5896
5897
5898
5899
5899
5899
5903
5905
5905
5905
5906
5906
5906
5907
5908
5910
5912
5912
5912
5915
5915
5915
5916
5918
5918
5920
5920
5923
5923
5924
5924
5928
5928
5929
5929
5930
5930
5933
5933
5934
5935
5935
5938
5940
5941
5941
5941
5942
5943
5943
5944
5944
5945
5946
5946
5948
5949
5950
5953
5956
5956
5959
5960
5960
5962
5962
5962
5963
5963
5964
5965
5965
5968
5968
5969
5969
5969
5970
5970
5972
5973
5973
5974
5977
5978
5980
5981
5986
5987
5987
5990
5991
5991
5991
5993
5993
5993
5994
5995
5995
5997
5998
5998
5998
6001
6002
6002
6004
6004
6005
6005
6005
6009
6009
6009
6010
6011
6012
6014
6015
6015
6016
6016
6016
6018
6018
6019
6025
6027
6027
6028
6028
6028
6030
6030
6031
6032
6032
6034
6035
6035
6037
6038
6038
6044
6047
6047
6048
6049
6050
6051
6051
6053
6053
6054
6055
6057
6058
6058
6058
6058
6058
6060
6060
6061
6061
6061
6064
6064
6064
6065
6066
6066
6067
6068
6068
6068
6068
6069
6070
6070
6070
6071
6073
6075
6077
6077
6078
6080
6080
6081
6083
6083
6085
6087
6088
6089
6089
6091
6091
6093
6094
6096
6097
6098
6099
6099
6100
6101
6102
6104
6104
6106
6111
6112
6113
6114
6114
6114
6114
6115
6115
6116
6118
6118
6119
6120
6120
6124
6124
6125
6127
6127
6128
6130
6136
6136
6138
6139
6139
6140
6140
6141
6142
6146
6147
6148
6149
6149
6149
6149
6150
6150
6150
6150
6150
6151
6151
6155
6155
6156
6156
6156
6158
6159
6160
6163
6165
6166
6166
6166
6168
6168
6169
6169
6170
6170
6170
6173
6174
6175
6179
6181
6181
6181
6183
6184
6186
6186
6187
6188
6188
6189
6189
6190
6192
6192
6195
6196
6198
6201
6202
6206
6208
6208
6209
6209
6209
6210
6213
6214
6215
6216
6217
6217
6218
6220
6221
6221
6221
6222
6222
6223
6223
6224
6224
6225
6226
6226
6227
6227
6227
6227
6228
6228
6229
6230
6230
6232
6232
6233
6233
6237
6239
6240
6241
6242
6245
6247
6249
6249
6254
6254
6254
6254
6255
6255
6257
6258
6260
6260
6260
6261
6261
6262
6262
6264
6266
6266
6266
6266
6267
6268
6268
6269
6269
6270
6271
6271
6272
6273
6274
6274
6275
6276
6278
6278
6279
6280
6281
6281
6281
6283
6284
6285
6285
6287
6288
6288
6289
6291
6291
6292
6295
6295
6297
6298
6298
6299
6299
6300
6300
6301
6304
6306
6307
6308
6308
6308
6313
6317
6318
6319
6320
6320
6321
6322
6323
6325
6326
6328
6330
6330
6330
6331
6331
6332
6332
6332
6332
6333
6333
6333
6335
6336
6339
6340
6341
6341
6342
6342
6343
6343
6344
6344
6346
6347
6348
6348
6349
6349
6350
6353
6354
6356
6356
6357
6357
6357
6357
6357
6360
6361
6362
6362
6363
6365
6367
6370
6370
6371
6372
6372
6373
6374
6375
6376
6377
6377
6377
6379
6380
6382
6383
6384
6386
6386
6389
6389
6391
6392
6392
6393
6394
6396
6396
6397
6398
6398
6398
6399
6400
6404
6404
6404
6404
6407
6409
6409
6409
6411
6411
6413
6413
6415
6415
6415
6418
6418
6418
6420
6421
6422
6423
6423
6426
6427
6427
6428
6428
6431
6432
6432
6432
6433
6435
6435
6436
6438
6439
6441
6441
6442
6443
6444
6444
6446
6450
6451
6454
6454
6454
6457
6460
6461
6461
6461
6462
6464
6466
6468
6468
6468
6469
6471
6472
6472
6472
6473
6475
6476
6477
6479
6479
6479
6480
6480
6481
6481
6482
6483
6483
6484
6486
6486
6487
6488
6488
6490
6490
6491
6491
6491
6492
6495
6495
6495
6497
6498
6499
6502
6503
6505
6505
6506
6506
6506
6506
6506
6507
6508
6509
6511
6516
6517
6517
6518
6520
6520
6521
6523
6525
6528
6529
6531
6532
6533
6533
6534
6534
6535
6536
6538
6539
6540
6540
6541
6542
6546
6546
6550
6551
6551
6553
6554
6559
6563
6565
6565
6566
6567
6567
6567
6567
6569
6570
6570
6571
6572
6572
6574
6575
6576
6576
6576
6576
6579
6580
6582
6585
6586
6588
6589
6589
6589
6590
6590
6592
6597
6597
6597
6599
6599
6600
6601
6602
6603
6604
6606
6607
6610
6610
6615
6617
6617
6618
6619
6621
6622
6622
6622
6622
6623
6624
6624
6624
6625
6625
6626
6628
6629
6630
6633
6634
6634
6638
6639
6639
6644
6645
6648
6648
6648
6649
6649
6649
6650
6650
6651
6655
6656
6656
6656
6657
6658
6659
6660
6661
6663
6664
6664
6666
6671
6671
6673
6673
6677
6678
6678
6678
6680
6681
6681
6684
6685
6685
6687
6687
6688
6688
6689
6689
6692
6692
6692
6693
6693
6695
6695
6697
6698
6698
6699
6700
6705
6706
6711
6716
6716
6718
6718
6718
6719
6720
6720
6721
6721
6721
6721
6722
6723
6723
6723
6723
6725
6726
6727
6727
6728
6729
6729
6730
6730
6730
6730
6731
6732
6733
6735
6736
6736
6737
6739
6740
6741
6741
6742
6742
6744
6745
6745
6747
6748
6749
6750
6751
6751
6752
6753
6753
6754
6754
6754
6754
6755
6757
6757
6758
6758
6758
6761
6761
6762
6763
6764
6765
6765
6766
6767
6773
6774
6775
6777
6779
6779
6779
6781
6781
6782
6782
6783
6783
6783
6785
6786
6786
6787
6787
6790
6790
6790
6790
6791
6791
6793
6795
6798
6799
6801
6801
6802
6805
6805
6806
6807
6807
6808
6809
6813
6815
6815
6816
6816
6818
6818
6818
6821
6822
6822
6823
6824
6824
6824
6826
6826
6828
6828
6829
6829
6829
6830
6831
6832
6833
6834
6835
6837
6837
6838
6840
6842
6843
6844
6845
6846
6847
6848
6848
6848
6850
6851
6853
6854
6854
6854
6859
6859
6860
6861
6861
6861
6866
6866
6868
6868
6869
6869
6870
6872
6872
6873
6873
6876
6876
6876
6877
6878
6879
6880
6880
6882
6883
6884
6884
6885
6886
6886
6887
6887
6889
6889
6889
6889
6889
6890
6890
6891
6891
6892
6893
6895
6895
6895
6896
6897
6897
6898
6898
6898
6898
6900
6900
6901
6901
6902
6902
6908
6909
6910
6911
6912
6913
6913
6913
6913
6913
6916
6916
6917
6917
6917
6918
6918
6920
6921
6925
6925
6925
6926
6927
6927
6927
6928
6930
6933
6933
6934
6936
6936
6938
6940
6941
6941
6942
6943
6944
6944
6947
6949
6950
6951
6951
6951
6952
6952
6953
6954
6955
6957
6959
6960
6961
6964
6965
6966
6967
6967
6968
6968
6968
6969
6970
6971
6971
6972
6972
6973
6975
6975
6977
6978
6980
6980
6983
6984
6984
6985
6987
6988
6988
6989
6991
6992
6993
6994
6994
6994
6995
6997
7000
7000
7001
7002
7003
7003
7004
7004
7006
7006
7007
7007
7009
7010
7013
7013
7014
7014
7015
7015
7016
7017
7017
7018
7019
7020
7021
7022
7022
7024
7024
7024
7026
7027
7028
7032
7032
7032
7034
7035
7037
7037
7038
7038
7038
7038
7038
7040
7042
7042
7043
7045
7046
7046
7048
7049
7049
7050
7053
7054
7054
7054
7057
7059
7060
7061
7062
7064
7065
7066
7067
7069
7070
7070
7071
7071
7071
7071
7071
7072
7072
7074
7075
7076
7076
7076
7077
7077
7082
7082
7082
7082
7084
7084
7085
7088
7088
7091
7092
7093
7093
7094
7094
7096
7097
7097
7099
7099
7100
7101
7102
7103
7103
7105
7105
7106
7106
7106
7107
7109
7111
7112
7112
7113
7115
7116
7117
7118
7119
7119
7121
7124
7124
7124
7125
7127
7127
7127
7127
7129
7130
7131
7131
7132
7135
7135
7135
7136
7136
7138
7140
7144
7147
7147
7148
7148
7149
7150
7152
7154
7154
7154
7154
7154
7156
7157
7158
7159
7162
7164
7165
7167
7168
7171
7173
7174
7174
7174
7174
7178
7180
7180
7180
7183
7184
7185
7187
7188
7189
7189
7189
7190
7192
7193
7195
7196
7196
7196
7200
7200
7201
7201
7201
7204
7204
7209
7209
7212
7212
7212
7214
7214
7214
7216
7216
7219
7221
7225
7229
7230
7231
7231
7231
7231
7232
7232
7234
7234
7235
7235
7236
7236
7236
7237
7238
7240
7240
7240
7240
7241
7241
7242
7244
7244
7245
7245
7245
7247
7248
7250
7252
7252
7253
7254
7255
7257
7258
7260
7260
7263
7263
7264
7264
7264
7265
7266
7267
7267
7268
7269
7269
7272
7273
7274
7278
7279
7279
7279
7280
7282
7282
7285
7285
7287
7287
7287
7290
7290
7290
7291
7292
7293
7293
7294
7294
7294
7295
7296
7296
7297
7299
7300
7301
7303
7303
7304
7305
7308
7310
7310
7311
7311
7311
7312
7314
7314
7315
7315
7316
7316
7317
7317
7317
7318
7319
7319
7320
7322
7323
7323
7323
7325
7325
7326
7326
7327
7327
7328
7329
7329
7331
7334
7335
7335
7336
7336
7336
7337
7337
7338
7343
7344
7344
7345
7346
7346
7348
7350
7350
7350
7350
7351
7352
7358
7358
7359
7359
7360
7365
7366
7366
7366
7366
7368
7369
7370
7370
7370
7372
7372
7376
7376
7377
7377
7377
7378
7378
7378
7380
7383
7384
7384
7384
7385
7385
7386
7387
7389
7391
7391
7392
7392
7392
7393
7393
7394
7395
7395
7395
7395
7395
7397
7401
7404
7406
7406
7407
7407
7408
7409
7409
7409
7411
7412
7412
7413
7414
7415
7416
7416
7418
7418
7418
7419
7421
7421
7421
7422
7423
7424
7426
7426
7427
7428
7428
7429
7429
7429
7430
7431
7437
7438
7438
7439
7440
7442
7442
7444
7444
7445
7445
7446
7447
7447
7447
7447
7447
7449
7449
7451
7451
7453
7454
7454
7455
7456
7457
7458
7462
7463
7465
7465
7465
7468
7468
7468
7469
7470
7470
7470
7470
7472
7472
7473
7475
7475
7478
7479
7479
7480
7481
7481
7481
7482
7485
7485
7488
7488
7489
7491
7492
7492
7493
7493
7493
7494
7496
7496
7497
7497
7497
7500
7500
7500
7502
7502
7503
7503
7505
7506
7506
7507
7509
7510
7511
7511
7512
7512
7513
7513
7515
7516
7518
7520
7524
7525
7526
7526
7528
7528
7530
7533
7533
7536
7538
7539
7539
7540
7540
7542
7543
7546
7547
7548
7550
7551
7551
7552
7554
7556
7557
7558
7562
7562
7562
7563
7564
7567
7568
7569
7569
7571
7571
7571
7571
7573
7577
7578
7580
7581
7581
7582
7583
7584
7586
7586
7587
7588
7589
7589
7590
7591
7592
7593
7593
7594
7594
7595
7595
7596
7598
7599
7599
7599
7600
7601
7602
7602
7603
7609
7616
7617
7618
7620
7620
7621
7623
7623
7623
7624
7624
7624
7624
7628
7630
7630
7631
7631
7632
7633
7635
7635
7636
7638
7639
7642
7642
7642
7643
7644
7645
7647
7647
7649
7650
7653
7653
7654
7654
7654
7655
7657
7657
7657
7659
7659
7659
7661
7662
7662
7662
7663
7664
7667
7667
7668
7668
7668
7668
7670
7671
7675
7675
7676
7676
7677
7679
7684
7687
7688
7688
7689
7690
7692
7693
7694
7695
7696
7696
7697
7703
7707
7709
7710
7711
7711
7714
7714
7716
7716
7717
7717
7719
7720
7721
7721
7721
7724
7725
7726
7727
7727
7727
7727
7728
7728
7730
7731
7731
7732
7733
7734
7737
7739
7740
7741
7742
7742
7743
7744
7745
7746
7748
7749
7750
7750
7751
7751
7751
7752
7753
7754
7754
7754
7757
7757
7757
7758
7759
7760
7760
7761
7761
7762
7764
7764
7765
7767
7768
7769
7770
7771
7773
7775
7775
7776
7777
7778
7779
7779
7783
7783
7785
7787
7788
7790
7790
7790
7791
7792
7793
7793
7793
7796
7796
7797
7798
7798
7800
7802
7803
7804
7805
7806
7806
7807
7807
7809
7809
7809
7810
7813
7814
7816
7816
7816
7816
7818
7818
7820
7822
7822
7823
7823
7824
7825
7825
7826
7830
7830
7830
7831
7831
7835
7835
7837
7845
7845
7848
7849
7851
7855
7856
7858
7859
7860
7861
7863
7863
7864
7865
7866
7868
7869
7872
7872
7872
7874
7874
7875
7875
7876
7878
7880
7883
7884
7889
7890
7892
7898
7898
7898
7899
7901
7901
7902
7903
7904
7908
7908
7908
7908
7909
7910
7910
7911
7912
7914
7914
7916
7917
7920
7921
7921
7922
7925
7926
7926
7926
7926
7927
7927
7928
7929
7929
7929
7929
7929
7932
7933
7934
7934
7935
7935
7936
7936
7938
7938
7940
7941
7942
7944
7944
7945
7945
7948
7949
7950
7951
7953
7954
7954
7955
7957
7957
7957
7959
7959
7960
7961
7961
7961
7961
7964
7964
7966
7967
7967
7968
7971
7971
7972
7972
7972
7974
7975
7975
7976
7978
7978
7980
7981
7981
7982
7982
7983
7983
7985
7985
7990
7991
7992
7992
7992
7994
7995
7996
7996
7996
7996
7997
7997
7999
8000
8001
8001
8001
8001
8002
8003
8003
8004
8004
8005
8005
8006
8007
8010
8011
8011
8013
8013
8016
8019
8020
8020
8020
8020
8021
8021
8022
8026
8027
8027
8029
8030
8030
8031
8033
8034
8035
8035
8037
8038
8040
8040
8041
8042
8042
8042
8043
8044
8045
8045
8048
8049
8049
8050
8051
8052
8055
8056
8056
8057
8058
8058
8059
8060
8061
8061
8062
8062
8063
8063
8064
8068
8068
8068
8070
8072
8072
8072
8074
8074
8075
8076
8077
8077
8078
8079
8079
8080
8082
8083
8083
8084
8085
8086
8086
8087
8090
8090
8091
8091
8093
8094
8094
8094
8094
8096
8096
8096
8097
8098
8098
8100
8100
8101
8101
8102
8103
8103
8103
8103
8105
8106
8108
8109
8109
8110
8111
8111
8112
8112
8113
8113
8114
8114
8114
8115
8116
8117
8118
8119
8119
8125
8126
8126
8128
8129
8132
8132
8133
8134
8134
8137
8137
8138
8138
8139
8139
8141
8143
8143
8143
8143
8144
8145
8146
8146
8149
8150
8150
8151
8155
8155
8156
8157
8159
8159
8160
8160
8162
8164
8164
8165
8166
8166
8167
8168
8169
8170
8171
8172
8173
8173
8174
8176
8178
8179
8180
8181
8183
8185
8185
8187
8189
8190
8192
8192
8193
8195
8196
8196
8197
8197
8198
8199
8201
8203
8204
8204
8208
8210
8211
8214
8215
8216
8216
8219
8219
8223
8226
8227
8227
8227
8228
8229
8234
8235
8235
8235
8239
8239
8240
8242
8243
8247
8251
8254
8255
8258
8259
8261
8263
8264
8265
8266
8266
8268
8268
8269
8269
8270
8270
8270
8273
8274
8274
8276
8276
8276
8279
8279
8281
8283
8288
8292
8292
8292
8293
8293
8294
8294
8298
8298
8299
8299
8300
8300
8300
8301
8302
8302
8303
8305
8305
8305
8306
8307
8311
8311
8312
8312
8312
8312
8313
8315
8319
8319
8319
8320
8322
8325
8327
8328
8332
8332
8334
8336
8338
8338
8338
8340
8342
8344
8345
8345
8347
8348
8349
8350
8351
8351
8351
8352
8354
8356
8356
8359
8359
8359
8360
8360
8361
8361
8362
8363
8364
8364
8368
8369
8370
8370
8370
8371
8372
8373
8373
8374
8375
8375
8376
8376
8376
8376
8381
8381
8382
8384
8385
8385
8387
8389
8389
8389
8389
8390
8390
8390
8391
8391
8391
8392
8392
8394
8395
8395
8395
8398
8398
8400
8400
8401
8402
8402
8404
8405
8410
8410
8412
8412
8413
8414
8415
8416
8416
8418
8420
8420
8421
8424
8424
8424
8427
8429
8431
8431
8432
8433
8435
8438
8439
8441
8443
8444
8446
8447
8448
8448
8449
8449
8449
8450
8451
8451
8452
8452
8453
8457
8459
8459
8460
8460
8461
8462
8462
8465
8466
8467
8469
8471
8473
8476
8479
8479
8479
8480
8483
8485
8487
8489
8490
8491
8492
8493
8493
8494
8494
8498
8499
8499
8501
8502
8503
8503
8504
8505
8505
8506
8506
8506
8506
8507
8507
8507
8507
8510
8511
8511
8515
8515
8516
8518
8520
8521
8522
8522
8523
8524
8524
8524
8525
8525
8525
8526
8527
8528
8528
8530
8531
8532
8532
8532
8534
8534
8535
8535
8537
8538
8538
8539
8541
8541
8543
8546
8548
8549
8550
8550
8551
8551
8551
8552
8552
8552
8554
8554
8554
8555
8555
8555
8555
8555
8556
8557
8559
8561
8563
8565
8567
8568
8568
8568
8569
8570
8571
8571
8572
8573
8574
8574
8578
8578
8579
8579
8579
8580
8580
8581
8582
8582
8583
8583
8583
8585
8585
8586
8588
8588
8589
8589
8589
8590
8592
8593
8594
8595
8595
8597
8597
8599
8601
8603
8605
8609
8611
8612
8612
8616
8616
8616
8617
8617
8618
8619
8620
8620
8621
8621
8624
8624
8625
8631
8631
8633
8635
8635
8636
8638
8640
8641
8642
8644
8651
8651
8653
8653
8656
8658
8658
8659
8663
8665
8666
8666
8666
8667
8667
8668
8668
8668
8668
8669
8670
8670
8672
8672
8673
8674
8674
8675
8675
8675
8675
8676
8676
8678
8679
8680
8681
8681
8682
8682
8683
8683
8684
8684
8685
8686
8686
8688
8689
8690
8694
8694
8696
8697
8698
8698
8698
8698
8700
8700
8701
8702
8702
8703
8705
8706
8708
8709
8710
8711
8713
8714
8714
8715
8716
8716
8717
8717
8717
8719
8719
8721
8723
8724
8724
8725
8725
8725
8727
8727
8727
8729
8730
8731
8731
8731
8733
8735
8736
8737
8738
8739
8740
8742
8742
8742
8743
8744
8745
8745
8745
8746
8746
8747
8748
8748
8749
8749
8749
8749
8750
8751
8751
8751
8752
8752
8752
8752
8753
8753
8753
8755
8755
8756
8757
8759
8760
8760
8761
8762
8764
8765
8765
8768
8769
8769
8769
8770
8772
8774
8774
8774
8774
8775
8776
8776
8778
8782
8783
8784
8785
8785
8785
8786
8787
8788
8790
8790
8790
8790
8792
8792
8794
8795
8796
8797
8798
8799
8799
8800
8800
8801
8802
8802
8804
8804
8806
8806
8808
8808
8809
8810
8810
8811
8812
8812
8813
8816
8817
8818
8821
8822
8822
8823
8823
8825
8825
8827
8827
8828
8828
8829
8830
8830
8831
8832
8833
8834
8835
8835
8836
8839
8839
8840
8840
8840
8842
8844
8844
8848
8848
8851
8854
8854
8854
8855
8855
8855
8856
8858
8860
8862
8863
8864
8871
8873
8876
8878
8878
8879
8886
8890
8890
8890
8892
8892
8895
8895
8898
8898
8901
8901
8901
8901
8903
8904
8904
8905
8905
8906
8906
8906
8906
8907
8908
8909
8911
8913
8915
8916
8917
8918
8918
8921
8921
8922
8923
8923
8924
8925
8926
8927
8927
8927
8927
8929
8929
8930
8930
8930
8931
8931
8932
8933
8933
8934
8935
8935
8937
8937
8938
8938
8938
8938
8941
8942
8942
8943
8943
8946
8946
8948
8949
8949
8949
8951
8952
8952
8954
8955
8955
8956
8957
8958
8959
8960
8960
8961
8961
8962
8962
8962
8962
8963
8963
8963
8964
8965
8966
8966
8966
8967
8968
8968
8969
8969
8969
8970
8971
8971
8975
8976
8977
8980
8980
8982
8982
8983
8984
8986
8987
8987
8988
8988
8990
8992
8992
8993
8994
8995
8998
8998
8999
9001
9001
9001
9003
9006
9008
9009
9010
9010
9010
9011
9014
9018
9018
9019
9020
9025
9025
9027
9027
9027
9028
9028
9029
9030
9030
9032
9032
9033
9034
9035
9035
9039
9039
9040
9042
9043
9044
9044
9044
9045
9046
9046
9049
9049
9049
9050
9051
9052
9053
9053
9054
9054
9054
9055
9056
9058
9059
9061
9063
9063
9063
9066
9066
9068
9069
9070
9071
9072
9072
9072
9073
9077
9077
9077
9078
9078
9078
9079
9080
9080
9081
9081
9082
9084
9084
9085
9086
9087
9087
9088
9088
9089
9089
9089
9091
9093
9093
9096
9096
9097
9097
9099
9099
9099
9100
9101
9101
9103
9104
9104
9104
9105
9105
9106
9106
9106
9107
9109
9110
9110
9113
9116
9118
9118
9118
9118
9120
9120
9121
9122
9122
9122
9122
9128
9128
9129
9129
9130
9130
9133
9135
9135
9136
9136
9137
9138
9138
9138
9138
9139
9140
9141
9141
9143
9145
9146
9147
9148
9149
9150
9150
9151
9151
9152
9152
9152
9153
9153
9153
9153
9154
9155
9155
9158
9161
9162
9162
9165
9166
9169
9169
9171
9173
9173
9173
9174
9174
9175
9175
9177
9177
9178
9178
9178
9179
9181
9181
9182
9183
9183
9184
9184
9185
9186
9186
9186
9188
9190
9192
9193
9193
9194
9195
9195
9197
9197
9198
9200
9201
9202
9203
9204
9204
9205
9205
9206
9206
9207
9208
9208
9209
9209
9212
9213
9214
9215
9218
9219
9219
9222
9224
9225
9225
9226
9227
9228
9229
9231
9231
9233
9234
9235
9235
9237
9238
9238
9239
9239
9240
9241
9243
9243
9243
9244
9244
9246
9248
9249
9251
9253
9253
9253
9254
9254
9254
9255
9255
9256
9256
9257
9259
9260
9261
9261
9262
9263
9263
9265
9266
9268
9269
9269
9270
9271
9272
9273
9275
9276
9278
9279
9279
9280
9280
9280
9281
9282
9283
9284
9285
9285
9285
9287
9288
9288
9290
9290
9291
9292
9292
9292
9294
9294
9296
9298
9300
9300
9301
9301
9301
9305
9305
9305
9306
9306
9307
9308
9309
9310
9311
9312
9312
9312
9314
9314
9315
9315
9316
9317
9318
9319
9319
9319
9320
9320
9321
9322
9323
9323
9324
9327
9328
9328
9329
9329
9331
9333
9334
9334
9337
9337
9337
9339
9340
9340
9340
9341
9342
9342
9344
9345
9345
9346
9348
9348
9348
9349
9349
9350
9350
9351
9351
9352
9353
9354
9355
9356
9358
9359
9359
9362
9363
9364
9364
9365
9367
9367
9367
9369
9371
9371
9371
9371
9372
9373
9373
9373
9374
9375
9377
9378
9378
9378
9382
9383
9384
9384
9385
9387
9388
9389
9389
9389
9390
9390
9391
9395
9397
9400
9401
9401
9401
9403
9404
9404
9404
9405
9408
9408
9409
9409
9412
9412
9412
9413
9413
9413
9414
9415
9416
9417
9417
9417
9418
9419
9419
9420
9422
9424
9426
9426
9426
9429
9430
9434
9434
9435
9439
9440
9440
9440
9442
9443
9444
9444
9447
9448
9449
9450
9451
9452
9452
9452
9454
9455
9455
9457
9457
9457
9457
9457
9458
9459
9460
9461
9462
9468
9468
9470
9471
9471
9472
9475
9476
9478
9480
9480
9483
9483
9483
9485
9485
9485
9488
9488
9489
9490
9491
9491
9491
9492
9494
9494
9496
9499
9500
9500
9500
9500
9501
9501
9502
9504
9505
9505
9507
9508
9510
9511
9511
9513
9513
9515
9515
9516
9518
9519
9520
9521
9522
9522
9524
9525
9526
9526
9527
9527
9528
9529
9529
9530
9530
9531
9534
9535
9537
9538
9539
9540
9542
9543
9543
9543
9543
9544
9546
9552
9552
9552
9555
9556
9556
9557
9559
9559
9560
9560
9560
9561
9561
9562
9564
9567
9567
9569
9570
9570
9571
9571
9571
9572
9573
9574
9574
9575
9576
9577
9577
9578
9578
9579
9579
9580
9581
9582
9583
9583
9583
9587
9589
9589
9591
9591
9592
9592
9593
9593
9593
9594
9594
9594
9599
9599
9600
9601
9601
9601
9601
9603
9603
9605
9608
9609
9610
9612
9613
9614
9614
9616
9617
9617
9618
9619
9620
9621
9622
9623
9624
9624
9625
9625
9625
9626
9627
9628
9629
9631
9633
9633
9635
9635
9636
9636
9637
9637
9639
9640
9643
9644
9645
9645
9646
9647
9649
9651
9652
9659
9659
9659
9659
9662
9663
9664
9664
9666
9666
9667
9668
9669
9670
9670
9673
9674
9675
9678
9678
9678
9678
9679
9679
9680
9681
9682
9682
9683
9683
9684
9685
9685
9685
9685
9687
9688
9688
9689
9689
9690
9691
9692
9693
9694
9699
9700
9700
9701
9701
9701
9702
9702
9702
9702
9703
9704
9705
9705
9710
9712
9713
9713
9713
9715
9715
9715
9716
9717
9717
9717
9718
9719
9719
9720
9721
9722
9723
9723
9723
9727
9729
9729
9731
9731
9735
9737
9737
9739
9741
9741
9743
9745
9745
9746
9746
9747
9747
9748
9748
9751
9751
9752
9752
9753
9753
9754
9754
9758
9759
9759
9763
9763
9764
9764
9764
9764
9765
9766
9768
9769
9770
9771
9771
9773
9774
9774
9776
9776
9777
9779
9779
9784
9784
9785
9785
9787
9788
9789
9790
9790
9790
9792
9792
9797
9797
9798
9801
9802
9805
9806
9807
9809
9810
9812
9812
9813
9814
9814
9814
9814
9815
9815
9816
9817
9817
9817
9818
9818
9820
9821
9823
9823
9824
9825
9826
9826
9828
9829
9829
9831
9831
9833
9834
9834
9834
9835
9835
9836
9838
9839
9840
9840
9840
9841
9843
9843
9844
9845
9848
9848
9848
9851
9852
9852
9852
9854
9854
9855
9858
9862
9863
9863
9865
9867
9867
9868
9869
9870
9871
9872
9873
9874
9874
9874
9874
9875
9875
9875
9876
9880
9880
9881
9881
9882
9882
9882
9884
9884
9886
9887
9888
9888
9888
9889
9890
9890
9891
9891
9891
9892
9892
9893
9895
9898
9898
9900
9901
9901
9902
9904
9906
9906
9907
9908
9908
9909
9911
9912
9912
9912
9913
9914
9915
9917
9917
9918
9919
9920
9920
9920
9921
9923
9924
9926
9928
9929
9930
9931
9936
9937
9938
9938
9938
9938
9941
9941
9942
9943
9944
9944
9946
9946
9950
9952
9952
9953
9954
9955
9956
9957
9959
9959
9959
9961
9962
9964
9965
9966
9966
9968
9968
9968
9969
9969
9970
9970
9972
9973
9973
9974
9974
9974
9975
9975
9975
9976
9978
9978
9979
9981
9982
9982
9984
9984
9986
9988
9992
9992
9992
9993
9993
9995
9995
9995
9996
9997
9998
10000
