1
3
4
5
5
6
8
9
11
12
12
14
14
15
15
16
17
23
23
24
24
26
30
31
32
35
35
37
37
37
37
39
41
42
43
45
48
49
52
55
57
58
59
60
61
61
63
64
64
65
68
70
70
70
70
72
72
72
74
76
76
77
77
78
80
81
82
82
82
84
85
85
86
86
88
88
89
89
90
90
90
91
92
92
93
94
96
98
98
99
100
101
102
103
103
104
106
109
109
111
112
112
114
114
117
117
118
118
120
123
124
124
124
130
130
130
132
132
132
133
134
134
135
136
136
139
140
140
141
142
144
146
149
149
151
151
152
153
153
156
157
158
159
160
161
163
164
166
166
167
167
167
168
169
169
171
172
172
173
173
173
174
174
174
177
177
177
178
178
179
180
181
183
185
185
187
187
187
189
190
193
193
193
194
194
195
196
196
196
196
197
197
198
199
199
200
200
202
202
202
203
204
205
207
207
208
208
208
212
213
214
218
220
222
223
227
227
229
230
231
231
232
234
234
237
239
240
243
244
248
249
250
250
251
253
253
254
256
256
258
260
260
261
261
262
263
263
264
266
267
268
268
270
271
272
272
272
273
273
274
274
275
275
276
277
277
279
280
280
281
282
283
284
285
285
285
286
291
291
292
292
293
294
295
295
296
297
299
300
300
301
302
304
305
306
306
306
307
307
307
308
310
311
311
312
312
313
313
314
314
316
319
319
320
320
320
321
322
322
323
325
326
326
327
328
328
330
330
330
331
331
332
332
334
336
337
337
339
340
342
344
346
347
347
350
350
351
352
352
354
362
362
363
365
365
366
366
367
368
368
369
369
369
370
370
370
370
371
372
374
374
375
375
376
377
378
379
379
380
380
380
382
384
384
384
384
385
386
386
387
387
389
390
390
390
391
391
392
392
392
393
393
394
395
396
398
398
398
399
400
400
400
401
402
402
403
404
407
409
409
411
413
415
416
416
420
420
420
421
421
425
427
428
430
430
433
434
435
437
441
441
442
443
444
445
445
445
446
446
446
447
449
449
449
455
458
458
458
460
461
463
463
465
466
467
468
468
469
469
469
469
470
470
471
475
475
476
480
482
482
483
485
486
486
487
487
487
487
487
488
490
490
490
490
491
492
493
494
495
496
497
497
497
498
500
501
501
501
502
502
503
505
505
505
506
507
509
516
516
517
518
519
520
520
520
521
521
525
527
529
533
536
536
537
537
537
539
540
541
543
543
543
546
546
547
551
551
553
555
557
557
559
559
560
560
562
564
565
566
566
567
567
567
567
567
569
569
569
570
571
574
574
576
576
577
577
578
579
579
581
586
586
588
590
590
591
592
593
593
594
596
596
597
597
597
598
599
599
600
601
602
602
603
604
605
607
608
608
609
609
610
613
617
617
618
620
620
620
621
621
622
622
623
623
623
625
627
630
632
632
632
635
638
638
641
642
644
644
647
647
648
652
653
654
655
656
657
657
658
659
659
659
661
661
663
665
666
667
668
668
668
669
669
670
670
671
673
673
673
674
675
676
678
680
680
681
681
682
682
684
685
686
687
687
689
689
690
691
692
692
693
695
697
697
698
698
698
698
699
699
699
700
700
701
703
705
709
710
713
714
715
715
716
716
716
716
717
720
723
724
724
725
726
726
728
728
728
729
730
732
732
735
737
738
738
740
742
743
744
745
745
745
748
749
749
750
752
752
754
754
755
755
755
757
758
760
761
761
761
762
764
765
769
769
769
772
772
773
774
776
776
777
778
779
780
781
782
782
783
784
784
785
786
787
787
788
788
791
791
794
796
796
798
798
802
802
803
803
804
805
806
806
807
810
810
810
810
812
812
813
813
818
818
818
819
819
821
822
823
823
825
825
828
828
828
828
829
830
831
832
832
832
833
833
835
835
835
837
837
837
837
837
840
842
844
844
845
845
847
847
848
849
850
852
854
855
855
855
855
858
859
863
864
864
865
867
867
868
869
870
870
871
871
872
872
874
875
875
877
878
879
879
880
880
883
884
884
884
885
886
886
887
890
892
893
894
895
896
898
898
900
902
904
905
906
907
908
908
909
910
912
913
913
914
916
919
920
920
922
923
926
928
928
929
929
929
930
931
931
933
934
935
938
938
938
940
940
940
941
942
942
944
945
946
948
948
949
949
949
950
952
954
954
955
955
955
956
957
957
957
958
959
960
962
962
963
963
965
965
965
966
967
969
971
972
973
975
978
978
980
983
985
986
987
988
988
988
989
989
991
991
994
995
996
997
997
998
998
999
1000
