1
1
1
2
3
3
4
4
6
6
7
7
8
8
10
10
13
13
14
16
16
17
18
20
20
21
21
23
23
23
26
28
30
30
31
31
31
31
33
33
34
34
35
35
38
38
38
39
41
41
44
45
46
47
48
49
50
51
52
52
52
55
55
57
58
59
60
61
62
62
62
62
62
64
65
65
66
68
69
70
70
71
73
73
73
75
76
76
77
77
79
80
80
82
84
84
88
88
90
93
93
94
94
95
97
97
99
102
103
105
106
106
107
107
107
107
108
109
110
110
110
111
111
112
112
113
113
115
116
118
118
119
122
122
126
126
128
129
130
132
132
133
134
134
134
134
135
135
135
137
137
139
139
140
140
141
141
142
143
144
145
146
146
149
149
152
152
154
156
157
158
160
160
160
161
161
162
163
163
163
166
167
168
170
171
175
177
179
179
180
182
182
182
183
184
185
185
185
186
186
187
187
188
188
189
191
192
193
193
195
196
196
198
199
200
200
201
201
203
206
207
208
209
209
213
214
214
215
215
216
217
217
217
220
220
220
220
221
221
225
227
228
228
228
228
229
232
233
234
235
235
237
240
240
240
241
241
242
242
242
243
243
246
248
248
250
250
251
252
253
255
256
256
257
257
259
260
261
262
263
264
265
266
266
267
267
267
268
268
268
268
268
268
274
276
277
280
281
283
283
284
284
285
286
287
288
290
291
291
291
291
292
294
295
296
297
298
298
299
300
300
303
303
303
305
305
306
306
306
307
309
309
309
309
311
312
316
316
317
318
321
321
322
324
325
326
326
330
330
333
336
338
339
339
339
340
343
344
345
348
349
349
351
352
353
354
360
361
362
363
363
364
365
366
367
368
369
369
372
375
376
376
377
381
381
381
382
384
386
386
388
389
389
389
389
390
391
392
394
394
394
396
396
397
397
398
398
399
401
402
403
404
404
408
409
410
411
414
415
415
415
416
419
420
420
422
423
424
424
427
427
429
432
432
433
435
437
437
440
443
443
443
444
444
446
446
447
447
448
448
448
449
450
451
451
451
452
452
452
453
454
455
456
456
458
458
459
460
460
461
462
463
467
468
468
468
468
471
472
472
472
472
474
476
476
481
481
482
483
484
486
486
487
488
490
491
492
492
492
492
495
495
498
498
499
500
502
502
503
503
504
507
508
512
513
513
514
517
519
519
520
521
521
521
522
523
523
523
524
524
525
525
526
527
528
528
530
530
531
533
534
534
536
537
538
545
547
548
549
549
550
550
551
553
554
555
556
557
561
563
563
563
563
566
567
570
570
571
571
571
572
573
578
579
580
581
583
583
584
585
586
587
589
592
592
592
594
595
596
598
599
604
604
604
605
608
609
609
610
610
610
610
613
614
615
616
616
617
619
619
620
620
621
624
624
625
627
627
627
628
631
632
636
636
639
641
641
642
642
645
645
646
646
646
650
651
651
652
656
660
661
661
662
662
664
664
664
666
666
666
666
668
671
672
672
672
672
673
673
673
674
674
675
676
677
677
677
677
677
677
679
679
681
682
682
683
683
684
685
686
687
687
688
690
691
691
691
696
697
699
699
700
701
702
703
703
704
704
706
706
706
709
709
710
710
710
711
712
713
716
717
718
718
718
720
720
722
722
726
728
728
729
729
729
730
730
730
732
732
732
732
733
733
735
736
736
737
738
739
739
739
739
743
743
748
750
750
750
753
753
754
756
759
760
760
760
761
761
761
762
763
764
764
764
765
765
767
767
767
768
769
771
771
773
773
774
776
779
781
783
784
787
789
790
792
793
793
795
795
797
799
802
803
804
804
808
808
809
809
811
811
812
813
814
814
814
815
816
818
818
818
821
822
822
823
823
824
824
826
827
828
829
830
831
831
832
836
836
839
839
841
841
844
844
846
847
847
848
849
850
850
852
852
854
854
856
856
858
858
859
860
861
861
861
862
862
863
863
863
864
865
865
865
865
866
868
868
872
872
873
873
875
876
878
878
878
879
879
882
887
888
888
889
889
891
892
893
895
896
896
900
900
900
900
901
903
904
907
907
908
908
908
909
909
910
910
911
911
914
914
915
916
917
918
918
920
921
922
922
923
923
924
925
927
928
928
928
930
931
933
934
935
936
941
942
942
943
944
944
945
945
946
947
948
948
949
949
949
952
955
958
959
959
961
961
962
963
964
964
965
965
966
967
967
969
970
971
971
972
973
973
975
975
979
981
981
982
985
985
986
986
986
987
988
988
988
990
990
991
993
993
993
996
997
998
998
998
999
999
999
